16

3
John Doe
Jane Smith
Sirhan Sirhan
1 2 3
2 1 3
2 3 1
1 2 3
3 1 2

3
John Doe
Jane Smith
Sirhan Sirhan
3 2 1
2 1 1
2 3 1
3 2 3
1 3 2

2
 Full House (Starring Bob Saget)
Home Improvement (Featuring Tim Allen)
1 2
2 1

4
Never gonna give you up, never gonna let you down
Never gonna make you cry, never gonna say goodbye
Never gonna run around and desert you
Never gonna tell a lie and hurt you
1 2 3 4
2 3 4 1
1 3 4 2
2 1 4 3
3 4 1 2

5
The Matrix Reloaded (Except it's a musical comedy)
A, Slightly Used Paper Plate
Entropy in Reverse
JOHN MADDEN (JOHN MADDEN)
Microsoft Space Cadet Pinball (the new one, for Windows XP Professional)
1 2 3 4 5
2 3 1 5 4
1 2 4 3 5
3 4 5 1 2
3 2 1 5 4
1 2 3 5 4
4 3 2 1 5

4
Hihihihihihihihihihihihihihihihihihihihihihihihihihihihihihihihihihihihihihihih
Local Disk B (40 KiB used, 70 KiB free)
Potpourri for $1,000,000
Andrew Fisher
4 3 2 1
4 1 2 3
2 1 3 4
4 1 2 1
3 2 1 4

11
Jingle All The Way (starring Arnold Schwarzenegger)
Level 2 of The Adventures of Jimmy Neutron Boy Genius: Jet Fusion for GameCube
Tom Hanks
Tom Hanks, again
A third entry for Tom Hanks
The Bee Gees songs, "Jive Talkin'", "Night Fever", and "Stayin' Alive"
An Commodore 64 that became self aware and wants to get involved in politics
An mysterious M&M Peanut candy I found on the floor behind my desk
Tom Selleck
Tom Cruise
Tom Brady
3 2 1 4 5 6 7 8 9 10 11

3
John Doe
Jane Smith
Sirhan Sirhan
3 2 1
3 1 2
1 2 3
1 3 2
2 3 1
2 1 3
1 2 3

12
Candidate1
Candidate2
Candidate3
Candidate4
Candidate5
Candidate6
Candidate7
Candidate8
Candidate9
Candidate10
Candidate11
Candidate12
12 11 10 9 8 7 6 5 4 3 2 1
12 1 2 3 4 5 6 7 8 9 10 11
2 5 4 3 11 1 6 7 8 8 10 12
8 1 4 3 2 5 6 7 9 10 11 12
12 11 10 9 8 7 6 5 4 3 2 1
12 1 2 3 4 5 6 7 8 9 10 11
11 5 4 3 2 1 6 7 8 8 10 12
1 2 12 3 4 5 6 7 9 8 10 12
11 10 9 8 7 6 5 4 3 2 1 12
10 1 2 3 4 5 6 7 8 9 12 11
10 2 3 4 5 6 7 8 9 11 12 1
10 1 2 3 4 5 6 7 8 9 12 11
10 1 2 3 4 5 6 7 8 9 11 12
9 1 2 3 4 5 6 7 8 10 11 12
9 1 2 3 4 5 6 7 8 11 12 10
9 1 2 3 4 5 6 7 12 11 10 8
9 12 11 10 8 7 6 5 4 3 2 1
9 2 3 4 5 6 7 8 10 11 12 1
8 3 4 5 6 7 9 10 11 12 1 2
8 1 2 3 4 5 6 7 9 10 11 12
8 12 11 10 9 7 6 5 4 3 2 1
8 1 4 3 2 5 6 7 9 10 11 12

8
Michelangelo di Lodovico Buonarroti Simoni
Donato di Niccolo di Betto Bardi
Raffaello Sanzio da Urbino
Leonardo da Vinci
Shredder
April O'Neil
Woody
Splinter
8 6 7 5 3 1 2 4
1 2 3 4 5 6 7 8
6 5 4 3 2 1 7 8
8 3 5 4 1 2 6 7
7 5 4 3 2 1 8 6

3
First
Second
Third
1 2 3
1 3 2
1 2 3
3 2 1
1 3 2
1 2 3
1 3 2
1 3 2
2 1 3
2 1 3
2 3 1
3 1 2
2 1 3
2 3 1
2 1 3
2 3 1
3 2 1

1
The only candidate
1
1
1
1

4
A Bop-It(tm)
The sequel to 101 Dalmations
36 post-1982 pennies
The Golden Ratio
1 2 3 4
2 3 4 1
3 4 1 2
4 1 2 3
1 4 3 2
2 4 3 1

20
Hydrogen
Carbon
Neon
Potassium
Einsteinium
Lithium
Argon
Unobtainium
Oxygen
Propane
Pionium
Hydrargyrum
Magnemite
Antimony
Sodium
Helium
Aluminum
Titanium
Vibranium
Yttrium
1 2 3 4 5 6 7 8 9 10 11 12 13 14 15 16 17 18 19 20
20 19 18 17 16 15 14 13 12 11 10 9 8 7 6 5 4 3 2 1
2 4 6 8 10 12 14 16 18 20 19 17 15 13 11 9 7 5 3 1
1 2 3 4 5 6 7 8 9 10 11 12 13 14 15 16 17 18 19 20
20 19 18 17 16 15 14 13 12 11 10 9 8 7 6 5 4 3 2 1
2 4 6 8 10 12 14 16 18 20 19 17 15 13 11 9 7 5 3 1
20 19 18 17 16 15 14 13 12 11 10 9 8 7 6 5 4 3 2 1
2 4 6 8 10 12 14 16 18 20 19 17 15 13 11 9 7 5 3 1
15 19 18 17 16 20 14 13 12 11 10 9 8 7 6 5 4 3 2 1
2 4 6 8 10 12 14 16 18 20 19 17 15 13 11 9 7 5 3 1
20 19 18 17 16 15 14 13 12 11 10 9 8 7 6 5 4 3 2 1
2 4 6 8 10 12 14 16 18 20 19 17 15 13 11 9 7 5 3 1
20 19 18 17 16 15 14 13 12 11 10 9 8 7 6 5 4 3 2 1
2 4 6 8 10 12 14 16 18 20 19 17 15 13 11 9 7 5 3 1
20 19 18 17 16 15 14 13 12 11 10 9 8 7 6 5 4 3 2 1
2 6 4 8 10 12 14 16 18 20 19 17 15 13 11 9 7 5 3 1
14 18 19 17 16 15 20 13 12 11 10 9 8 7 6 5 4 3 2 1
2 4 6 8 10 12 14 16 18 20 19 17 15 13 11 9 7 5 3 1
20 19 18 17 16 15 14 13 12 11 10 9 8 7 6 5 4 3 2 1
2 4 6 8 10 12 14 16 18 20 19 17 15 13 11 9 7 5 3 1
20 19 18 17 16 15 14 13 12 11 10 9 8 7 6 5 4 3 2 1
2 4 6 8 10 12 14 16 18 20 19 17 15 13 11 9 7 5 3 1
20 19 18 17 16 15 14 13 12 11 10 9 8 7 6 5 4 3 2 1
2 4 6 8 10 12 14 16 18 20 19 17 15 13 11 9 7 5 3 1
20 19 18 17 16 15 14 13 12 11 10 9 8 7 6 5 4 3 2 1
2 4 6 8 10 12 14 16 18 20 19 17 15 13 11 9 7 5 3 1
20 19 18 17 16 15 14 13 12 11 10 9 8 7 6 5 4 3 2 1
2 4 6 8 10 12 14 16 18 20 19 17 15 13 11 9 7 5 3 1
20 19 18 17 16 15 14 13 12 11 10 9 8 7 6 5 4 3 2 1
2 4 6 8 10 12 14 16 18 20 19 17 15 13 11 9 7 5 3 1
20 19 18 17 16 15 14 13 12 11 10 9 8 7 6 5 4 3 2 1
2 4 6 8 10 12 14 16 18 20 19 17 15 13 11 9 7 5 3 1
20 19 18 17 16 15 14 13 12 11 10 9 8 7 6 5 4 3 2 1
2 4 6 8 10 12 14 16 18 20 19 17 15 13 11 9 7 5 3 1
20 19 18 17 16 15 14 13 12 11 10 9 8 7 6 5 4 3 1 2
1 8 10 4 6 12 14 16 18 20 19 17 15 13 11 9 7 5 3 2
20 19 18 17 16 15 14 13 12 11 10 9 8 7 6 5 4 3 1 2
2 4 6 8 10 12 14 16 18 20 19 17 15 13 11 9 7 5 3 1
20 19 18 17 16 15 14 13 12 11 10 9 8 7 6 5 4 3 2 1
2 4 6 8 10 12 14 16 18 20 19 17 15 13 11 9 7 5 3 1
20 19 18 17 16 15 14 13 12 11 10 9 8 7 6 5 4 3 2 1
2 4 6 8 10 12 14 16 18 20 19 17 15 13 11 9 7 5 3 1
20 19 18 17 16 15 14 13 12 11 10 9 8 7 6 5 4 3 2 1
2 4 6 8 10 12 14 16 18 20 19 17 15 13 11 9 7 5 3 1
20 19 18 17 16 15 14 13 12 11 10 9 8 7 6 5 4 3 2 1
2 4 6 8 10 12 14 16 18 20 19 17 15 13 11 9 7 5 3 1
20 19 18 17 16 15 14 13 12 11 10 9 8 7 6 5 4 3 2 1
2 4 6 8 10 12 14 16 18 20 19 17 15 13 11 9 7 5 3 1
20 19 18 17 16 15 14 13 12 11 10 9 8 7 6 5 4 3 2 1
2 4 6 8 10 12 14 16 18 20 19 17 15 13 11 9 7 5 3 1
20 19 18 17 16 15 14 13 12 11 10 9 8 7 6 5 4 3 2 1
2 4 6 8 10 12 14 16 18 20 19 17 15 13 11 9 7 5 3 1
20 19 18 17 16 15 14 13 12 11 10 9 8 7 6 5 4 3 2 1
2 4 6 8 10 12 14 16 18 20 19 17 15 13 11 9 7 5 3 1
20 19 18 17 16 15 14 13 12 11 10 9 8 7 6 5 4 3 2 1
2 4 6 8 10 12 14 16 18 20 19 17 15 13 11 9 7 5 3 1
20 19 18 17 16 15 14 13 12 11 10 9 8 7 6 5 4 3 2 1
2 4 6 8 10 12 14 16 18 20 19 17 15 13 11 9 7 5 3 1
20 19 18 17 16 15 14 13 12 11 10 9 8 7 6 5 4 3 2 1
2 4 6 8 10 12 14 16 18 20 19 17 15 13 11 9 7 5 3 1

4
MS-DOS
PC-DOS
FreeDOS
Apple DOS
1 2 3 4
3 1 2 4
4 3 2 1
2 3 1 4
4 3 2 1

20
T1
H2
E3
R4
E5
A6
R7
E8
29
010
C11
A12
N13
D14
I15
D16
A17
T18
E19
S20
10 1 19 5 20 8 3 9 14 16 2 15 13 6 4 12 17 7 11 18
12 16 14 5 15 19 17 18 6 2 3 8 11 1 13 9 4 20 7 10
12 16 14 5 15 19 17 18 6 2 3 8 11 1 13 9 4 20 7 10
3 4 7 20 9 16 11 12 1 17 13 14 8 15 2 10 19 6 5 18
2 6 18 4 14 10 16 5 3 20 13 12 19 7 1 9 11 17 8 15
5 18 19 16 17 2 10 7 4 11 12 13 3 9 1 14 6 15 20 8
17 20 18 19 11 7 16 6 2 1 3 9 13 10 15 4 14 5 12 8
16 20 1 12 7 14 2 19 13 18 11 8 15 4 3 10 5 9 6 17
11 3 17 6 10 4 19 8 18 1 12 13 2 20 9 16 5 14 7 15
12 16 14 5 15 19 17 18 6 2 3 8 11 1 13 9 4 20 7 10
12 16 14 5 15 19 17 18 6 2 3 8 11 1 13 9 4 20 7 10
16 13 1 4 3 8 7 12 10 14 17 18 19 20 6 2 15 5 9 11
3 19 11 13 7 14 10 18 4 5 12 17 1 9 16 15 6 2 8 20
16 1 15 10 19 14 18 6 3 4 7 12 17 20 11 5 8 2 9 13
4 17 10 1 6 7 9 5 12 16 2 15 8 18 20 19 13 14 11 3
7 2 16 5 10 13 19 14 4 9 15 6 1 20 3 17 8 11 18 12
10 6 20 18 3 13 12 9 11 14 5 17 1 19 8 15 7 2 16 4
9 13 18 20 12 16 8 1 3 19 4 6 14 11 17 15 5 10 2 7
5 9 4 11 13 1 19 3 17 2 20 8 15 7 6 14 10 16 12 18
17 3 20 19 15 12 2 4 6 7 14 9 16 1 11 5 18 10 8 13
5 16 1 20 6 9 15 4 17 12 11 18 7 13 3 14 2 19 10 8
13 5 6 9 15 14 3 10 17 2 16 12 8 1 7 4 11 20 18 19
3 4 7 20 9 16 11 12 1 17 13 14 8 15 2 10 19 6 5 18
2 6 18 4 14 10 16 5 3 20 13 12 19 7 1 9 11 17 8 15
5 18 19 16 17 2 10 7 4 11 12 13 3 9 1 14 6 15 20 8
17 20 18 19 11 7 16 6 2 1 3 9 13 10 15 4 14 5 12 8
16 20 1 12 7 14 2 19 13 18 11 8 15 4 3 10 5 9 6 17
16 6 4 7 10 13 9 2 5 19 12 1 11 15 8 18 17 20 14 3
8 6 12 19 4 5 16 14 18 13 3 11 1 10 9 7 2 17 15 20
14 10 20 7 12 11 15 4 16 2 18 3 19 9 6 8 5 17 1 13
16 6 4 7 10 13 9 2 5 19 12 1 11 15 8 18 17 20 14 3
8 6 12 19 4 5 16 14 18 13 3 11 1 10 9 7 2 17 15 20
14 10 20 7 12 11 15 4 16 2 18 3 19 9 6 8 5 17 1 13
4 9 17 20 12 15 14 7 5 18 16 3 19 11 6 1 10 2 13 8
4 6 1 8 14 11 2 20 16 7 3 19 18 17 12 10 9 15 5 13
16 6 4 7 10 13 9 2 5 19 12 1 11 15 8 18 17 20 14 3
8 6 12 19 4 5 16 14 18 13 3 11 1 10 9 7 2 17 15 20
14 10 20 7 12 11 15 4 16 2 18 3 19 9 6 8 5 17 1 13
4 2 15 5 17 8 16 1 11 12 19 10 14 20 6 13 3 18 9 7
11 1 20 3 9 6 19 13 14 10 7 12 2 8 18 17 15 4 16 5
15 19 8 7 12 6 5 11 20 14 4 1 10 17 16 3 13 2 9 18
12 16 14 5 15 19 17 18 6 2 3 8 11 1 13 9 4 20 7 10
12 16 14 5 15 19 17 18 6 2 3 8 11 1 13 9 4 20 7 10
3 4 7 20 9 16 11 12 1 17 13 14 8 15 2 10 19 6 5 18
2 6 18 4 14 10 16 5 3 20 13 12 19 7 1 9 11 17 8 15
5 18 19 16 17 2 10 7 4 11 12 13 3 9 1 14 6 15 20 8
17 20 18 19 11 7 16 6 2 1 3 9 13 10 15 4 14 5 12 8
16 20 1 12 7 14 2 19 13 18 11 8 15 4 3 10 5 9 6 17
16 6 4 7 10 13 9 2 5 19 12 1 11 15 8 18 17 20 14 3
8 6 12 19 4 5 16 14 18 13 3 11 1 10 9 7 2 17 15 20
14 10 20 7 12 11 15 4 16 2 18 3 19 9 6 8 5 17 1 13
4 9 17 20 12 15 14 7 5 18 16 3 19 11 6 1 10 2 13 8
12 9 16 11 4 20 15 2 14 8 6 1 7 17 19 10 5 13 3 18
16 19 7 17 14 13 11 5 8 20 6 4 18 3 15 12 9 2 1 10
16 18 8 7 5 4 3 12 10 20 17 6 19 11 2 1 9 15 13 14
11 3 17 6 10 4 19 8 18 1 12 13 2 20 9 16 5 14 7 15
12 16 14 5 15 19 17 18 6 2 3 8 11 1 13 9 4 20 7 10
12 16 14 5 15 19 17 18 6 2 3 8 11 1 13 9 4 20 7 10
3 4 7 20 9 16 11 12 1 17 13 14 8 15 2 10 19 6 5 18
2 6 18 4 14 10 16 5 3 20 13 12 19 7 1 9 11 17 8 15
5 18 19 16 17 2 10 7 4 11 12 13 3 9 1 14 6 15 20 8
17 20 18 19 11 7 16 6 2 1 3 9 13 10 15 4 14 5 12 8
16 20 1 12 7 14 2 19 13 18 11 8 15 4 3 10 5 9 6 17
16 6 4 7 10 13 9 2 5 19 12 1 11 15 8 18 17 20 14 3
8 6 12 19 4 5 16 14 18 13 3 11 1 10 9 7 2 17 15 20
14 10 20 7 12 11 15 4 16 2 18 3 19 9 6 8 5 17 1 13
4 9 17 20 12 15 14 7 5 18 16 3 19 11 6 1 10 2 13 8
16 18 15 19 12 14 3 10 5 20 8 4 11 7 13 1 6 2 17 9
12 9 16 11 4 20 15 2 14 8 6 1 7 17 19 10 5 13 3 18
4 17 10 1 6 7 9 5 12 16 2 15 8 18 20 19 13 14 11 3
7 2 16 5 10 13 19 14 4 9 15 6 1 20 3 17 8 11 18 12
10 6 20 18 3 13 12 9 11 14 5 17 1 19 8 15 7 2 16 4
9 13 18 20 12 16 8 1 3 19 4 6 14 11 17 15 5 10 2 7
5 9 4 11 13 1 19 3 17 2 20 8 15 7 6 14 10 16 12 18
17 3 20 19 15 12 2 4 6 7 14 9 16 1 11 5 18 10 8 13
5 16 1 20 6 9 15 4 17 12 11 18 7 13 3 14 2 19 10 8
13 5 6 9 15 14 3 10 17 2 16 12 8 1 7 4 11 20 18 19
3 4 7 20 9 16 11 12 1 17 13 14 8 15 2 10 19 6 5 18
2 6 18 4 14 10 16 5 3 20 13 12 19 7 1 9 11 17 8 15
5 18 19 16 17 2 10 7 4 11 12 13 3 9 1 14 6 15 20 8
17 20 18 19 11 7 16 6 2 1 3 9 13 10 15 4 14 5 12 8
16 20 1 12 7 14 2 19 13 18 11 8 15 4 3 10 5 9 6 17
16 6 4 7 10 13 9 2 5 19 12 1 11 15 8 18 17 20 14 3
14 19 8 9 5 20 15 13 16 18 6 3 10 11 7 2 1 17 12 4
2 6 18 4 14 10 16 5 3 20 13 12 19 7 1 9 11 17 8 15
5 18 19 16 17 2 10 7 4 11 12 13 3 9 1 14 6 15 20 8
17 20 18 19 11 7 16 6 2 1 3 9 13 10 15 4 14 5 12 8
12 1 5 20 3 10 17 18 4 19 16 14 8 2 11 7 6 13 15 9
14 16 12 7 8 10 20 1 17 13 6 19 18 15 3 11 4 9 5 2
13 18 5 9 14 11 15 16 3 1 20 4 17 8 10 19 2 6 12 7
13 6 15 5 20 7 2 10 16 4 19 18 17 9 11 12 14 1 3 8
16 19 7 17 14 13 11 5 8 20 6 4 18 3 15 12 9 2 1 10
15 16 14 8 17 13 10 2 18 6 3 7 9 1 20 5 11 19 4 12
11 14 2 12 7 16 1 6 8 4 3 5 9 15 19 17 13 20 10 18
7 1 2 16 8 15 6 10 5 18 3 14 11 13 20 9 19 4 12 17
12 16 9 11 20 6 14 13 5 4 2 18 1 3 15 17 19 8 10 7
6 11 8 13 9 7 3 19 2 15 18 1 5 16 17 10 14 20 12 4
8 3 15 4 2 5 6 13 9 18 16 7 11 1 20 12 19 14 10 17
20 9 10 14 4 15 16 11 17 6 13 19 8 18 5 12 7 3 2 1
4 2 11 15 6 12 1 14 20 17 13 10 9 16 19 18 3 8 7 5
15 12 2 18 4 10 14 11 8 20 13 16 19 17 9 7 1 5 3 6
4 6 1 8 14 11 2 20 16 7 3 19 18 17 12 10 9 15 5 13
16 18 8 7 5 4 3 12 10 20 17 6 19 11 2 1 9 15 13 14
11 3 17 6 10 4 19 8 18 1 12 13 2 20 9 16 5 14 7 15
12 16 14 5 15 19 17 18 6 2 3 8 11 1 13 9 4 20 7 10
12 16 14 5 15 19 17 18 6 2 3 8 11 1 13 9 4 20 7 10
3 4 7 20 9 16 11 12 1 17 13 14 8 15 2 10 19 6 5 18
2 6 18 4 14 10 16 5 3 20 13 12 19 7 1 9 11 17 8 15
5 18 19 16 17 2 10 7 4 11 12 13 3 9 1 14 6 15 20 8
17 20 18 19 11 7 16 6 2 1 3 9 13 10 15 4 14 5 12 8
16 20 1 12 7 14 2 19 13 18 11 8 15 4 3 10 5 9 6 17
16 6 4 7 10 13 9 2 5 19 12 1 11 15 8 18 17 20 14 3
8 6 12 19 4 5 16 14 18 13 3 11 1 10 9 7 2 17 15 20
14 10 20 7 12 11 15 4 16 2 18 3 19 9 6 8 5 17 1 13
4 2 15 5 17 8 16 1 11 12 19 10 14 20 6 13 3 18 9 7
11 1 20 3 9 6 19 13 14 10 7 12 2 8 18 17 15 4 16 5
18 9 10 1 8 20 15 6 4 17 7 14 3 2 19 13 5 12 11 16
13 18 10 12 5 3 9 16 7 2 8 15 19 20 11 4 17 14 6 1
11 3 17 6 10 4 19 8 18 1 12 13 2 20 9 16 5 14 7 15
12 9 16 11 4 20 15 2 14 8 6 1 7 17 19 10 5 13 3 18
14 19 8 9 5 20 15 13 16 18 6 3 10 11 7 2 1 17 12 4
12 16 14 5 15 19 17 18 6 2 3 8 11 1 13 9 4 20 7 10
12 16 14 5 15 19 17 18 6 2 3 8 11 1 13 9 4 20 7 10
3 4 7 20 9 16 11 12 1 17 13 14 8 15 2 10 19 6 5 18
2 6 18 4 14 10 16 5 3 20 13 12 19 7 1 9 11 17 8 15
5 18 19 16 17 2 10 7 4 11 12 13 3 9 1 14 6 15 20 8
17 20 18 19 11 7 16 6 2 1 3 9 13 10 15 4 14 5 12 8
16 20 1 12 7 14 2 19 13 18 11 8 15 4 3 10 5 9 6 17
16 6 4 7 10 13 9 2 5 19 12 1 11 15 8 18 17 20 14 3
8 6 12 19 4 5 16 14 18 13 3 11 1 10 9 7 2 17 15 20
14 10 20 7 12 11 15 4 16 2 18 3 19 9 6 8 5 17 1 13
4 9 17 20 12 15 14 7 5 18 16 3 19 11 6 1 10 2 13 8
2 6 18 4 14 10 16 5 3 20 13 12 19 7 1 9 11 17 8 15
5 18 19 16 17 2 10 7 4 11 12 13 3 9 1 14 6 15 20 8
10 1 19 5 20 8 3 9 14 16 2 15 13 6 4 12 17 7 11 18
4 6 1 8 14 11 2 20 16 7 3 19 18 17 12 10 9 15 5 13
16 6 4 7 10 13 9 2 5 19 12 1 11 15 8 18 17 20 14 3
8 6 12 19 4 5 16 14 18 13 3 11 1 10 9 7 2 17 15 20
14 10 20 7 12 11 15 4 16 2 18 3 19 9 6 8 5 17 1 13
4 2 15 5 17 8 16 1 11 12 19 10 14 20 6 13 3 18 9 7
11 1 20 3 9 6 19 13 14 10 7 12 2 8 18 17 15 4 16 5
15 19 8 7 12 6 5 11 20 14 4 1 10 17 16 3 13 2 9 18
12 9 16 11 4 20 15 2 14 8 6 1 7 17 19 10 5 13 3 18
16 19 7 17 14 13 11 5 8 20 6 4 18 3 15 12 9 2 1 10
16 18 8 7 5 4 3 12 10 20 17 6 19 11 2 1 9 15 13 14
11 3 17 6 10 4 19 8 18 1 12 13 2 20 9 16 5 14 7 15
17 20 18 19 11 7 16 6 2 1 3 9 13 10 15 4 14 5 12 8
16 20 10 18 13 2 17 11 6 3 4 7 1 12 15 14 9 19 5 8
10 19 11 16 17 15 18 1 20 12 8 2 4 7 5 9 3 6 14 13
18 12 7 11 2 14 13 3 19 10 17 1 9 6 20 8 15 5 4 16
16 20 1 12 7 14 2 19 13 18 11 8 15 4 3 10 5 9 6 17
12 9 16 11 4 20 15 2 14 8 6 1 7 17 19 10 5 13 3 18
14 19 8 9 5 20 15 13 16 18 6 3 10 11 7 2 1 17 12 4
2 6 18 4 14 10 16 5 3 20 13 12 19 7 1 9 11 17 8 15
5 18 19 16 17 2 10 7 4 11 12 13 3 9 1 14 6 15 20 8
17 20 18 19 11 7 16 6 2 1 3 9 13 10 15 4 14 5 12 8
15 16 14 8 17 13 10 2 18 6 3 7 9 1 20 5 11 19 4 12
11 14 2 12 7 16 1 6 8 4 3 5 9 15 19 17 13 20 10 18
4 6 1 8 14 11 2 20 16 7 3 19 18 17 12 10 9 15 5 13
16 6 4 7 10 13 9 2 5 19 12 1 11 15 8 18 17 20 14 3
8 6 12 19 4 5 16 14 18 13 3 11 1 10 9 7 2 17 15 20
14 10 20 7 12 11 15 4 16 2 18 3 19 9 6 8 5 17 1 13
4 2 15 5 17 8 16 1 11 12 19 10 14 20 6 13 3 18 9 7
11 1 20 3 9 6 19 13 14 10 7 12 2 8 18 17 15 4 16 5
15 19 8 7 12 6 5 11 20 14 4 1 10 17 16 3 13 2 9 18
12 9 16 11 4 20 15 2 14 8 6 1 7 17 19 10 5 13 3 18
16 19 7 17 14 13 11 5 8 20 6 4 18 3 15 12 9 2 1 10
16 18 8 7 5 4 3 12 10 20 17 6 19 11 2 1 9 15 13 14
11 3 17 6 10 4 19 8 18 1 12 13 2 20 9 16 5 14 7 15
12 16 14 5 15 19 17 18 6 2 3 8 11 1 13 9 4 20 7 10
12 16 14 5 15 19 17 18 6 2 3 8 11 1 13 9 4 20 7 10
3 4 7 20 9 16 11 12 1 17 13 14 8 15 2 10 19 6 5 18
2 6 18 4 14 10 16 5 3 20 13 12 19 7 1 9 11 17 8 15
5 18 19 16 17 2 10 7 4 11 12 13 3 9 1 14 6 15 20 8
17 20 18 19 11 7 16 6 2 1 3 9 13 10 15 4 14 5 12 8
16 20 1 12 7 14 2 19 13 18 11 8 15 4 3 10 5 9 6 17
16 6 4 7 10 13 9 2 5 19 12 1 11 15 8 18 17 20 14 3
8 6 12 19 4 5 16 14 18 13 3 11 1 10 9 7 2 17 15 20
10 1 19 5 20 8 3 9 14 16 2 15 13 6 4 12 17 7 11 18
4 6 1 8 14 11 2 20 16 7 3 19 18 17 12 10 9 15 5 13
16 6 4 7 10 13 9 2 5 19 12 1 11 15 8 18 17 20 14 3
8 6 12 19 4 5 16 14 18 13 3 11 1 10 9 7 2 17 15 20
14 10 20 7 12 11 15 4 16 2 18 3 19 9 6 8 5 17 1 13
4 2 15 5 17 8 16 1 11 12 19 10 14 20 6 13 3 18 9 7
11 1 20 3 9 6 19 13 14 10 7 12 2 8 18 17 15 4 16 5
15 19 8 7 12 6 5 11 20 14 4 1 10 17 16 3 13 2 9 18
12 16 14 5 15 19 17 18 6 2 3 8 11 1 13 9 4 20 7 10
12 16 14 5 15 19 17 18 6 2 3 8 11 1 13 9 4 20 7 10
3 4 7 20 9 16 11 12 1 17 13 14 8 15 2 10 19 6 5 18
2 6 18 4 14 10 16 5 3 20 13 12 19 7 1 9 11 17 8 15
5 18 19 16 17 2 10 7 4 11 12 13 3 9 1 14 6 15 20 8
17 20 18 19 11 7 16 6 2 1 3 9 13 10 15 4 14 5 12 8
16 20 1 12 7 14 2 19 13 18 11 8 15 4 3 10 5 9 6 17
16 6 4 7 10 13 9 2 5 19 12 1 11 15 8 18 17 20 14 3
8 6 12 19 4 5 16 14 18 13 3 11 1 10 9 7 2 17 15 20
14 10 20 7 12 11 15 4 16 2 18 3 19 9 6 8 5 17 1 13
4 9 17 20 12 15 14 7 5 18 16 3 19 11 6 1 10 2 13 8
12 9 16 11 4 20 15 2 14 8 6 1 7 17 19 10 5 13 3 18
16 19 7 17 14 13 11 5 8 20 6 4 18 3 15 12 9 2 1 10
16 18 8 7 5 4 3 12 10 20 17 6 19 11 2 1 9 15 13 14
11 3 17 6 10 4 19 8 18 1 12 13 2 20 9 16 5 14 7 15
14 10 20 7 12 11 15 4 16 2 18 3 19 9 6 8 5 17 1 13
4 9 17 20 12 15 14 7 5 18 16 3 19 11 6 1 10 2 13 8
7 1 2 16 8 15 6 10 5 18 3 14 11 13 20 9 19 4 12 17
7 1 2 16 8 15 6 10 5 18 3 14 11 13 20 9 19 4 12 17
12 16 9 11 20 6 14 13 5 4 2 18 1 3 15 17 19 8 10 7
6 11 8 13 9 7 3 19 2 15 18 1 5 16 17 10 14 20 12 4
8 3 15 4 2 5 6 13 9 18 16 7 11 1 20 12 19 14 10 17
12 16 14 5 15 19 17 18 6 2 3 8 11 1 13 9 4 20 7 10
12 16 14 5 15 19 17 18 6 2 3 8 11 1 13 9 4 20 7 10
3 4 7 20 9 16 11 12 1 17 13 14 8 15 2 10 19 6 5 18
2 6 18 4 14 10 16 5 3 20 13 12 19 7 1 9 11 17 8 15
5 18 19 16 17 2 10 7 4 11 12 13 3 9 1 14 6 15 20 8
17 20 18 19 11 7 16 6 2 1 3 9 13 10 15 4 14 5 12 8
16 20 1 12 7 14 2 19 13 18 11 8 15 4 3 10 5 9 6 17
16 6 4 7 10 13 9 2 5 19 12 1 11 15 8 18 17 20 14 3
8 6 12 19 4 5 16 14 18 13 3 11 1 10 9 7 2 17 15 20
14 10 20 7 12 11 15 4 16 2 18 3 19 9 6 8 5 17 1 13
4 9 17 20 12 15 14 7 5 18 16 3 19 11 6 1 10 2 13 8
20 9 10 14 4 15 16 11 17 6 13 19 8 18 5 12 7 3 2 1
4 2 11 15 6 12 1 14 20 17 13 10 9 16 19 18 3 8 7 5
12 9 16 11 4 20 15 2 14 8 6 1 7 17 19 10 5 13 3 18
14 19 8 9 5 20 15 13 16 18 6 3 10 11 7 2 1 17 12 4
2 6 18 4 14 10 16 5 3 20 13 12 19 7 1 9 11 17 8 15
5 18 19 16 17 2 10 7 4 11 12 13 3 9 1 14 6 15 20 8
17 20 18 19 11 7 16 6 2 1 3 9 13 10 15 4 14 5 12 8
15 12 2 18 4 10 14 11 8 20 13 16 19 17 9 7 1 5 3 6
4 6 1 8 14 11 2 20 16 7 3 19 18 17 12 10 9 15 5 13
12 16 9 11 20 6 14 13 5 4 2 18 1 3 15 17 19 8 10 7
6 11 8 13 9 7 3 19 2 15 18 1 5 16 17 10 14 20 12 4
8 3 15 4 2 5 6 13 9 18 16 7 11 1 20 12 19 14 10 17
20 9 10 14 4 15 16 11 17 6 13 19 8 18 5 12 7 3 2 1
4 2 11 15 6 12 1 14 20 17 13 10 9 16 19 18 3 8 7 5
10 1 19 5 20 8 3 9 14 16 2 15 13 6 4 12 17 7 11 18
12 16 14 5 15 19 17 18 6 2 3 8 11 1 13 9 4 20 7 10
12 16 14 5 15 19 17 18 6 2 3 8 11 1 13 9 4 20 7 10
3 4 7 20 9 16 11 12 1 17 13 14 8 15 2 10 19 6 5 18
2 6 18 4 14 10 16 5 3 20 13 12 19 7 1 9 11 17 8 15
5 18 19 16 17 2 10 7 4 11 12 13 3 9 1 14 6 15 20 8
17 20 18 19 11 7 16 6 2 1 3 9 13 10 15 4 14 5 12 8
16 20 1 12 7 14 2 19 13 18 11 8 15 4 3 10 5 9 6 17
16 6 4 7 10 13 9 2 5 19 12 1 11 15 8 18 17 20 14 3
8 6 12 19 4 5 16 14 18 13 3 11 1 10 9 7 2 17 15 20
14 10 20 7 12 11 15 4 16 2 18 3 19 9 6 8 5 17 1 13
4 9 17 20 12 15 14 7 5 18 16 3 19 11 6 1 10 2 13 8
4 6 1 8 14 11 2 20 16 7 3 19 18 17 12 10 9 15 5 13
16 6 4 7 10 13 9 2 5 19 12 1 11 15 8 18 17 20 14 3
8 6 12 19 4 5 16 14 18 13 3 11 1 10 9 7 2 17 15 20
14 10 20 7 12 11 15 4 16 2 18 3 19 9 6 8 5 17 1 13
4 2 15 5 17 8 16 1 11 12 19 10 14 20 6 13 3 18 9 7
11 1 20 3 9 6 19 13 14 10 7 12 2 8 18 17 15 4 16 5
15 19 8 7 12 6 5 11 20 14 4 1 10 17 16 3 13 2 9 18
12 16 14 5 15 19 17 18 6 2 3 8 11 1 13 9 4 20 7 10
12 16 14 5 15 19 17 18 6 2 3 8 11 1 13 9 4 20 7 10
3 4 7 20 9 16 11 12 1 17 13 14 8 15 2 10 19 6 5 18
2 6 18 4 14 10 16 5 3 20 13 12 19 7 1 9 11 17 8 15
5 18 19 16 17 2 10 7 4 11 12 13 3 9 1 14 6 15 20 8
17 20 18 19 11 7 16 6 2 1 3 9 13 10 15 4 14 5 12 8
16 20 1 12 7 14 2 19 13 18 11 8 15 4 3 10 5 9 6 17
16 6 4 7 10 13 9 2 5 19 12 1 11 15 8 18 17 20 14 3
8 6 12 19 4 5 16 14 18 13 3 11 1 10 9 7 2 17 15 20
14 10 20 7 12 11 15 4 16 2 18 3 19 9 6 8 5 17 1 13
4 9 17 20 12 15 14 7 5 18 16 3 19 11 6 1 10 2 13 8
12 9 16 11 4 20 15 2 14 8 6 1 7 17 19 10 5 13 3 18
4 17 10 1 6 7 9 5 12 16 2 15 8 18 20 19 13 14 11 3
7 2 16 5 10 13 19 14 4 9 15 6 1 20 3 17 8 11 18 12
10 6 20 18 3 13 12 9 11 14 5 17 1 19 8 15 7 2 16 4
9 13 18 20 12 16 8 1 3 19 4 6 14 11 17 15 5 10 2 7
5 9 4 11 13 1 19 3 17 2 20 8 15 7 6 14 10 16 12 18
17 3 20 19 15 12 2 4 6 7 14 9 16 1 11 5 18 10 8 13
5 16 1 20 6 9 15 4 17 12 11 18 7 13 3 14 2 19 10 8
13 5 6 9 15 14 3 10 17 2 16 12 8 1 7 4 11 20 18 19
3 4 7 20 9 16 11 12 1 17 13 14 8 15 2 10 19 6 5 18
2 6 18 4 14 10 16 5 3 20 13 12 19 7 1 9 11 17 8 15
5 18 19 16 17 2 10 7 4 11 12 13 3 9 1 14 6 15 20 8
17 20 18 19 11 7 16 6 2 1 3 9 13 10 15 4 14 5 12 8
16 20 1 12 7 14 2 19 13 18 11 8 15 4 3 10 5 9 6 17
16 6 4 7 10 13 9 2 5 19 12 1 11 15 8 18 17 20 14 3
16 19 7 17 14 13 11 5 8 20 6 4 18 3 15 12 9 2 1 10
16 18 8 7 5 4 3 12 10 20 17 6 19 11 2 1 9 15 13 14
11 3 17 6 10 4 19 8 18 1 12 13 2 20 9 16 5 14 7 15
12 16 14 5 15 19 17 18 6 2 3 8 11 1 13 9 4 20 7 10
12 16 14 5 15 19 17 18 6 2 3 8 11 1 13 9 4 20 7 10
3 4 7 20 9 16 11 12 1 17 13 14 8 15 2 10 19 6 5 18
2 6 18 4 14 10 16 5 3 20 13 12 19 7 1 9 11 17 8 15
5 18 19 16 17 2 10 7 4 11 12 13 3 9 1 14 6 15 20 8
17 20 18 19 11 7 16 6 2 1 3 9 13 10 15 4 14 5 12 8
16 20 1 12 7 14 2 19 13 18 11 8 15 4 3 10 5 9 6 17
16 6 4 7 10 13 9 2 5 19 12 1 11 15 8 18 17 20 14 3
8 6 12 19 4 5 16 14 18 13 3 11 1 10 9 7 2 17 15 20
14 10 20 7 12 11 15 4 16 2 18 3 19 9 6 8 5 17 1 13
4 9 17 20 12 15 14 7 5 18 16 3 19 11 6 1 10 2 13 8
16 18 15 19 12 14 3 10 5 20 8 4 11 7 13 1 6 2 17 9
12 9 16 11 4 20 15 2 14 8 6 1 7 17 19 10 5 13 3 18
14 19 8 9 5 20 15 13 16 18 6 3 10 11 7 2 1 17 12 4
2 6 18 4 14 10 16 5 3 20 13 12 19 7 1 9 11 17 8 15
5 18 19 16 17 2 10 7 4 11 12 13 3 9 1 14 6 15 20 8
17 20 18 19 11 7 16 6 2 1 3 9 13 10 15 4 14 5 12 8
12 1 5 20 3 10 17 18 4 19 16 14 8 2 11 7 6 13 15 9
14 16 12 7 8 10 20 1 17 13 6 19 18 15 3 11 4 9 5 2
13 18 5 9 14 11 15 16 3 1 20 4 17 8 10 19 2 6 12 7
13 6 15 5 20 7 2 10 16 4 19 18 17 9 11 12 14 1 3 8
16 19 7 17 14 13 11 5 8 20 6 4 18 3 15 12 9 2 1 10
15 16 14 8 17 13 10 2 18 6 3 7 9 1 20 5 11 19 4 12
11 14 2 12 7 16 1 6 8 4 3 5 9 15 19 17 13 20 10 18
7 1 2 16 8 15 6 10 5 18 3 14 11 13 20 9 19 4 12 17
12 16 9 11 20 6 14 13 5 4 2 18 1 3 15 17 19 8 10 7
6 11 8 13 9 7 3 19 2 15 18 1 5 16 17 10 14 20 12 4
8 3 15 4 2 5 6 13 9 18 16 7 11 1 20 12 19 14 10 17
20 9 10 14 4 15 16 11 17 6 13 19 8 18 5 12 7 3 2 1
4 2 11 15 6 12 1 14 20 17 13 10 9 16 19 18 3 8 7 5
15 12 2 18 4 10 14 11 8 20 13 16 19 17 9 7 1 5 3 6
4 6 1 8 14 11 2 20 16 7 3 19 18 17 12 10 9 15 5 13
16 18 8 7 5 4 3 12 10 20 17 6 19 11 2 1 9 15 13 14
11 3 17 6 10 4 19 8 18 1 12 13 2 20 9 16 5 14 7 15
12 16 14 5 15 19 17 18 6 2 3 8 11 1 13 9 4 20 7 10
12 16 14 5 15 19 17 18 6 2 3 8 11 1 13 9 4 20 7 10
3 4 7 20 9 16 11 12 1 17 13 14 8 15 2 10 19 6 5 18
2 6 18 4 14 10 16 5 3 20 13 12 19 7 1 9 11 17 8 15
5 18 19 16 17 2 10 7 4 11 12 13 3 9 1 14 6 15 20 8
17 20 18 19 11 7 16 6 2 1 3 9 13 10 15 4 14 5 12 8
16 20 1 12 7 14 2 19 13 18 11 8 15 4 3 10 5 9 6 17
16 6 4 7 10 13 9 2 5 19 12 1 11 15 8 18 17 20 14 3
8 6 12 19 4 5 16 14 18 13 3 11 1 10 9 7 2 17 15 20
14 10 20 7 12 11 15 4 16 2 18 3 19 9 6 8 5 17 1 13
4 2 15 5 17 8 16 1 11 12 19 10 14 20 6 13 3 18 9 7
11 1 20 3 9 6 19 13 14 10 7 12 2 8 18 17 15 4 16 5
18 9 10 1 8 20 15 6 4 17 7 14 3 2 19 13 5 12 11 16
13 18 10 12 5 3 9 16 7 2 8 15 19 20 11 4 17 14 6 1
11 3 17 6 10 4 19 8 18 1 12 13 2 20 9 16 5 14 7 15
12 9 16 11 4 20 15 2 14 8 6 1 7 17 19 10 5 13 3 18
14 19 8 9 5 20 15 13 16 18 6 3 10 11 7 2 1 17 12 4
12 16 14 5 15 19 17 18 6 2 3 8 11 1 13 9 4 20 7 10
12 16 14 5 15 19 17 18 6 2 3 8 11 1 13 9 4 20 7 10
3 4 7 20 9 16 11 12 1 17 13 14 8 15 2 10 19 6 5 18
2 6 18 4 14 10 16 5 3 20 13 12 19 7 1 9 11 17 8 15
5 18 19 16 17 2 10 7 4 11 12 13 3 9 1 14 6 15 20 8
17 20 18 19 11 7 16 6 2 1 3 9 13 10 15 4 14 5 12 8
16 20 1 12 7 14 2 19 13 18 11 8 15 4 3 10 5 9 6 17
16 6 4 7 10 13 9 2 5 19 12 1 11 15 8 18 17 20 14 3
8 6 12 19 4 5 16 14 18 13 3 11 1 10 9 7 2 17 15 20
14 10 20 7 12 11 15 4 16 2 18 3 19 9 6 8 5 17 1 13
4 9 17 20 12 15 14 7 5 18 16 3 19 11 6 1 10 2 13 8
2 6 18 4 14 10 16 5 3 20 13 12 19 7 1 9 11 17 8 15
5 18 19 16 17 2 10 7 4 11 12 13 3 9 1 14 6 15 20 8
10 1 19 5 20 8 3 9 14 16 2 15 13 6 4 12 17 7 11 18
16 13 1 4 3 8 7 12 10 14 17 18 19 20 6 2 15 5 9 11
3 19 11 13 7 14 10 18 4 5 12 17 1 9 16 15 6 2 8 20
16 1 15 10 19 14 18 6 3 4 7 12 17 20 11 5 8 2 9 13
16 13 1 4 3 8 7 12 10 14 17 18 19 20 6 2 15 5 9 11
3 19 11 13 7 14 10 18 4 5 12 17 1 9 16 15 6 2 8 20
16 1 15 10 19 14 18 6 3 4 7 12 17 20 11 5 8 2 9 13
4 17 10 1 6 7 9 5 12 16 2 15 8 18 20 19 13 14 11 3
7 2 16 5 10 13 19 14 4 9 15 6 1 20 3 17 8 11 18 12
10 6 20 18 3 13 12 9 11 14 5 17 1 19 8 15 7 2 16 4
9 13 18 20 12 16 8 1 3 19 4 6 14 11 17 15 5 10 2 7
5 9 4 11 13 1 19 3 17 2 20 8 15 7 6 14 10 16 12 18
17 3 20 19 15 12 2 4 6 7 14 9 16 1 11 5 18 10 8 13
5 16 1 20 6 9 15 4 17 12 11 18 7 13 3 14 2 19 10 8
13 5 6 9 15 14 3 10 17 2 16 12 8 1 7 4 11 20 18 19
4 17 10 1 6 7 9 5 12 16 2 15 8 18 20 19 13 14 11 3
7 2 16 5 10 13 19 14 4 9 15 6 1 20 3 17 8 11 18 12
10 6 20 18 3 13 12 9 11 14 5 17 1 19 8 15 7 2 16 4
9 13 18 20 12 16 8 1 3 19 4 6 14 11 17 15 5 10 2 7
5 9 4 11 13 1 19 3 17 2 20 8 15 7 6 14 10 16 12 18
17 3 20 19 15 12 2 4 6 7 14 9 16 1 11 5 18 10 8 13
5 16 1 20 6 9 15 4 17 12 11 18 7 13 3 14 2 19 10 8
13 5 6 9 15 14 3 10 17 2 16 12 8 1 7 4 11 20 18 19
4 6 1 8 14 11 2 20 16 7 3 19 18 17 12 10 9 15 5 13
16 6 4 7 10 13 9 2 5 19 12 1 11 15 8 18 17 20 14 3
8 6 12 19 4 5 16 14 18 13 3 11 1 10 9 7 2 17 15 20
14 10 20 7 12 11 15 4 16 2 18 3 19 9 6 8 5 17 1 13
4 2 15 5 17 8 16 1 11 12 19 10 14 20 6 13 3 18 9 7
11 1 20 3 9 6 19 13 14 10 7 12 2 8 18 17 15 4 16 5
15 19 8 7 12 6 5 11 20 14 4 1 10 17 16 3 13 2 9 18
12 9 16 11 4 20 15 2 14 8 6 1 7 17 19 10 5 13 3 18
16 19 7 17 14 13 11 5 8 20 6 4 18 3 15 12 9 2 1 10
16 18 8 7 5 4 3 12 10 20 17 6 19 11 2 1 9 15 13 14
11 3 17 6 10 4 19 8 18 1 12 13 2 20 9 16 5 14 7 15
17 20 18 19 11 7 16 6 2 1 3 9 13 10 15 4 14 5 12 8
16 20 10 18 13 2 17 11 6 3 4 7 1 12 15 14 9 19 5 8
10 19 11 16 17 15 18 1 20 12 8 2 4 7 5 9 3 6 14 13
18 12 7 11 2 14 13 3 19 10 17 1 9 6 20 8 15 5 4 16
16 20 1 12 7 14 2 19 13 18 11 8 15 4 3 10 5 9 6 17
12 9 16 11 4 20 15 2 14 8 6 1 7 17 19 10 5 13 3 18
14 19 8 9 5 20 15 13 16 18 6 3 10 11 7 2 1 17 12 4
2 6 18 4 14 10 16 5 3 20 13 12 19 7 1 9 11 17 8 15
5 18 19 16 17 2 10 7 4 11 12 13 3 9 1 14 6 15 20 8
17 20 18 19 11 7 16 6 2 1 3 9 13 10 15 4 14 5 12 8
15 16 14 8 17 13 10 2 18 6 3 7 9 1 20 5 11 19 4 12
11 14 2 12 7 16 1 6 8 4 3 5 9 15 19 17 13 20 10 18
4 6 1 8 14 11 2 20 16 7 3 19 18 17 12 10 9 15 5 13
16 6 4 7 10 13 9 2 5 19 12 1 11 15 8 18 17 20 14 3
8 6 12 19 4 5 16 14 18 13 3 11 1 10 9 7 2 17 15 20
14 10 20 7 12 11 15 4 16 2 18 3 19 9 6 8 5 17 1 13
4 2 15 5 17 8 16 1 11 12 19 10 14 20 6 13 3 18 9 7
11 1 20 3 9 6 19 13 14 10 7 12 2 8 18 17 15 4 16 5
15 19 8 7 12 6 5 11 20 14 4 1 10 17 16 3 13 2 9 18
12 9 16 11 4 20 15 2 14 8 6 1 7 17 19 10 5 13 3 18
16 19 7 17 14 13 11 5 8 20 6 4 18 3 15 12 9 2 1 10
16 18 8 7 5 4 3 12 10 20 17 6 19 11 2 1 9 15 13 14
16 13 1 4 3 8 7 12 10 14 17 18 19 20 6 2 15 5 9 11
3 19 11 13 7 14 10 18 4 5 12 17 1 9 16 15 6 2 8 20
16 1 15 10 19 14 18 6 3 4 7 12 17 20 11 5 8 2 9 13
4 17 10 1 6 7 9 5 12 16 2 15 8 18 20 19 13 14 11 3
7 2 16 5 10 13 19 14 4 9 15 6 1 20 3 17 8 11 18 12
10 6 20 18 3 13 12 9 11 14 5 17 1 19 8 15 7 2 16 4
9 13 18 20 12 16 8 1 3 19 4 6 14 11 17 15 5 10 2 7
5 9 4 11 13 1 19 3 17 2 20 8 15 7 6 14 10 16 12 18
17 3 20 19 15 12 2 4 6 7 14 9 16 1 11 5 18 10 8 13
5 16 1 20 6 9 15 4 17 12 11 18 7 13 3 14 2 19 10 8
13 5 6 9 15 14 3 10 17 2 16 12 8 1 7 4 11 20 18 19
11 3 17 6 10 4 19 8 18 1 12 13 2 20 9 16 5 14 7 15
12 16 14 5 15 19 17 18 6 2 3 8 11 1 13 9 4 20 7 10
12 16 14 5 15 19 17 18 6 2 3 8 11 1 13 9 4 20 7 10
3 4 7 20 9 16 11 12 1 17 13 14 8 15 2 10 19 6 5 18
2 6 18 4 14 10 16 5 3 20 13 12 19 7 1 9 11 17 8 15
5 18 19 16 17 2 10 7 4 11 12 13 3 9 1 14 6 15 20 8
11 3 17 6 10 4 19 8 18 1 12 13 2 20 9 16 5 14 7 15
12 16 14 5 15 19 17 18 6 2 3 8 11 1 13 9 4 20 7 10
12 16 14 5 15 19 17 18 6 2 3 8 11 1 13 9 4 20 7 10
16 13 1 4 3 8 7 12 10 14 17 18 19 20 6 2 15 5 9 11
3 19 11 13 7 14 10 18 4 5 12 17 1 9 16 15 6 2 8 20
16 1 15 10 19 14 18 6 3 4 7 12 17 20 11 5 8 2 9 13
4 17 10 1 6 7 9 5 12 16 2 15 8 18 20 19 13 14 11 3
7 2 16 5 10 13 19 14 4 9 15 6 1 20 3 17 8 11 18 12
10 6 20 18 3 13 12 9 11 14 5 17 1 19 8 15 7 2 16 4
9 13 18 20 12 16 8 1 3 19 4 6 14 11 17 15 5 10 2 7
5 9 4 11 13 1 19 3 17 2 20 8 15 7 6 14 10 16 12 18
17 3 20 19 15 12 2 4 6 7 14 9 16 1 11 5 18 10 8 13
5 16 1 20 6 9 15 4 17 12 11 18 7 13 3 14 2 19 10 8
13 5 6 9 15 14 3 10 17 2 16 12 8 1 7 4 11 20 18 19
3 4 7 20 9 16 11 12 1 17 13 14 8 15 2 10 19 6 5 18
2 6 18 4 14 10 16 5 3 20 13 12 19 7 1 9 11 17 8 15
5 18 19 16 17 2 10 7 4 11 12 13 3 9 1 14 6 15 20 8
17 20 18 19 11 7 16 6 2 1 3 9 13 10 15 4 14 5 12 8
16 20 1 12 7 14 2 19 13 18 11 8 15 4 3 10 5 9 6 17
16 6 4 7 10 13 9 2 5 19 12 1 11 15 8 18 17 20 14 3
8 6 12 19 4 5 16 14 18 13 3 11 1 10 9 7 2 17 15 20
14 10 20 7 12 11 15 4 16 2 18 3 19 9 6 8 5 17 1 13
17 20 18 19 11 7 16 6 2 1 3 9 13 10 15 4 14 5 12 8
16 20 1 12 7 14 2 19 13 18 11 8 15 4 3 10 5 9 6 17
16 6 4 7 10 13 9 2 5 19 12 1 11 15 8 18 17 20 14 3
8 6 12 19 4 5 16 14 18 13 3 11 1 10 9 7 2 17 15 20
10 1 19 5 20 8 3 9 14 16 2 15 13 6 4 12 17 7 11 18
4 6 1 8 14 11 2 20 16 7 3 19 18 17 12 10 9 15 5 13
16 6 4 7 10 13 9 2 5 19 12 1 11 15 8 18 17 20 14 3
8 6 12 19 4 5 16 14 18 13 3 11 1 10 9 7 2 17 15 20
14 10 20 7 12 11 15 4 16 2 18 3 19 9 6 8 5 17 1 13
4 2 15 5 17 8 16 1 11 12 19 10 14 20 6 13 3 18 9 7
11 1 20 3 9 6 19 13 14 10 7 12 2 8 18 17 15 4 16 5
15 19 8 7 12 6 5 11 20 14 4 1 10 17 16 3 13 2 9 18
12 16 14 5 15 19 17 18 6 2 3 8 11 1 13 9 4 20 7 10
12 16 14 5 15 19 17 18 6 2 3 8 11 1 13 9 4 20 7 10
3 4 7 20 9 16 11 12 1 17 13 14 8 15 2 10 19 6 5 18
2 6 18 4 14 10 16 5 3 20 13 12 19 7 1 9 11 17 8 15
16 13 1 4 3 8 7 12 10 14 17 18 19 20 6 2 15 5 9 11
3 19 11 13 7 14 10 18 4 5 12 17 1 9 16 15 6 2 8 20
16 1 15 10 19 14 18 6 3 4 7 12 17 20 11 5 8 2 9 13
4 17 10 1 6 7 9 5 12 16 2 15 8 18 20 19 13 14 11 3
7 2 16 5 10 13 19 14 4 9 15 6 1 20 3 17 8 11 18 12
10 6 20 18 3 13 12 9 11 14 5 17 1 19 8 15 7 2 16 4
9 13 18 20 12 16 8 1 3 19 4 6 14 11 17 15 5 10 2 7
5 9 4 11 13 1 19 3 17 2 20 8 15 7 6 14 10 16 12 18
17 3 20 19 15 12 2 4 6 7 14 9 16 1 11 5 18 10 8 13
5 16 1 20 6 9 15 4 17 12 11 18 7 13 3 14 2 19 10 8
13 5 6 9 15 14 3 10 17 2 16 12 8 1 7 4 11 20 18 19
5 18 19 16 17 2 10 7 4 11 12 13 3 9 1 14 6 15 20 8
17 20 18 19 11 7 16 6 2 1 3 9 13 10 15 4 14 5 12 8
16 20 1 12 7 14 2 19 13 18 11 8 15 4 3 10 5 9 6 17
16 6 4 7 10 13 9 2 5 19 12 1 11 15 8 18 17 20 14 3
8 6 12 19 4 5 16 14 18 13 3 11 1 10 9 7 2 17 15 20
14 10 20 7 12 11 15 4 16 2 18 3 19 9 6 8 5 17 1 13
4 9 17 20 12 15 14 7 5 18 16 3 19 11 6 1 10 2 13 8
12 9 16 11 4 20 15 2 14 8 6 1 7 17 19 10 5 13 3 18
16 19 7 17 14 13 11 5 8 20 6 4 18 3 15 12 9 2 1 10
16 18 8 7 5 4 3 12 10 20 17 6 19 11 2 1 9 15 13 14
11 3 17 6 10 4 19 8 18 1 12 13 2 20 9 16 5 14 7 15
14 10 20 7 12 11 15 4 16 2 18 3 19 9 6 8 5 17 1 13
4 9 17 20 12 15 14 7 5 18 16 3 19 11 6 1 10 2 13 8
7 1 2 16 8 15 6 10 5 18 3 14 11 13 20 9 19 4 12 17
7 1 2 16 8 15 6 10 5 18 3 14 11 13 20 9 19 4 12 17
12 16 9 11 20 6 14 13 5 4 2 18 1 3 15 17 19 8 10 7
6 11 8 13 9 7 3 19 2 15 18 1 5 16 17 10 14 20 12 4
8 3 15 4 2 5 6 13 9 18 16 7 11 1 20 12 19 14 10 17
12 16 14 5 15 19 17 18 6 2 3 8 11 1 13 9 4 20 7 10
12 16 14 5 15 19 17 18 6 2 3 8 11 1 13 9 4 20 7 10
3 4 7 20 9 16 11 12 1 17 13 14 8 15 2 10 19 6 5 18
2 6 18 4 14 10 16 5 3 20 13 12 19 7 1 9 11 17 8 15
5 18 19 16 17 2 10 7 4 11 12 13 3 9 1 14 6 15 20 8
17 20 18 19 11 7 16 6 2 1 3 9 13 10 15 4 14 5 12 8
16 20 1 12 7 14 2 19 13 18 11 8 15 4 3 10 5 9 6 17
16 6 4 7 10 13 9 2 5 19 12 1 11 15 8 18 17 20 14 3
8 6 12 19 4 5 16 14 18 13 3 11 1 10 9 7 2 17 15 20
14 10 20 7 12 11 15 4 16 2 18 3 19 9 6 8 5 17 1 13
4 9 17 20 12 15 14 7 5 18 16 3 19 11 6 1 10 2 13 8
20 9 10 14 4 15 16 11 17 6 13 19 8 18 5 12 7 3 2 1
4 2 11 15 6 12 1 14 20 17 13 10 9 16 19 18 3 8 7 5
12 9 16 11 4 20 15 2 14 8 6 1 7 17 19 10 5 13 3 18
14 19 8 9 5 20 15 13 16 18 6 3 10 11 7 2 1 17 12 4
2 6 18 4 14 10 16 5 3 20 13 12 19 7 1 9 11 17 8 15
5 18 19 16 17 2 10 7 4 11 12 13 3 9 1 14 6 15 20 8
17 20 18 19 11 7 16 6 2 1 3 9 13 10 15 4 14 5 12 8
15 12 2 18 4 10 14 11 8 20 13 16 19 17 9 7 1 5 3 6
4 6 1 8 14 11 2 20 16 7 3 19 18 17 12 10 9 15 5 13
12 16 9 11 20 6 14 13 5 4 2 18 1 3 15 17 19 8 10 7
6 11 8 13 9 7 3 19 2 15 18 1 5 16 17 10 14 20 12 4
8 3 15 4 2 5 6 13 9 18 16 7 11 1 20 12 19 14 10 17
20 9 10 14 4 15 16 11 17 6 13 19 8 18 5 12 7 3 2 1
4 2 11 15 6 12 1 14 20 17 13 10 9 16 19 18 3 8 7 5
15 12 2 18 4 10 14 11 8 20 13 16 19 17 9 7 1 5 3 6
4 6 1 8 14 11 2 20 16 7 3 19 18 17 12 10 9 15 5 13
16 6 4 7 10 13 9 2 5 19 12 1 11 15 8 18 17 20 14 3
8 6 12 19 4 5 16 14 18 13 3 11 1 10 9 7 2 17 15 20
14 10 20 7 12 11 15 4 16 2 18 3 19 9 6 8 5 17 1 13
4 2 15 5 17 8 16 1 11 12 19 10 14 20 6 13 3 18 9 7
11 1 20 3 9 6 19 13 14 10 7 12 2 8 18 17 15 4 16 5
4 17 10 1 6 7 9 5 12 16 2 15 8 18 20 19 13 14 11 3
7 2 16 5 10 13 19 14 4 9 15 6 1 20 3 17 8 11 18 12
10 6 20 18 3 13 12 9 11 14 5 17 1 19 8 15 7 2 16 4
9 13 18 20 12 16 8 1 3 19 4 6 14 11 17 15 5 10 2 7
5 9 4 11 13 1 19 3 17 2 20 8 15 7 6 14 10 16 12 18
17 3 20 19 15 12 2 4 6 7 14 9 16 1 11 5 18 10 8 13
5 16 1 20 6 9 15 4 17 12 11 18 7 13 3 14 2 19 10 8
13 5 6 9 15 14 3 10 17 2 16 12 8 1 7 4 11 20 18 19
3 4 7 20 9 16 11 12 1 17 13 14 8 15 2 10 19 6 5 18
2 6 18 4 14 10 16 5 3 20 13 12 19 7 1 9 11 17 8 15
5 18 19 16 17 2 10 7 4 11 12 13 3 9 1 14 6 15 20 8
17 20 18 19 11 7 16 6 2 1 3 9 13 10 15 4 14 5 12 8
16 20 1 12 7 14 2 19 13 18 11 8 15 4 3 10 5 9 6 17
16 6 4 7 10 13 9 2 5 19 12 1 11 15 8 18 17 20 14 3
15 19 8 7 12 6 5 11 20 14 4 1 10 17 16 3 13 2 9 18
12 9 16 11 4 20 15 2 14 8 6 1 7 17 19 10 5 13 3 18
16 19 7 17 14 13 11 5 8 20 6 4 18 3 15 12 9 2 1 10
16 18 8 7 5 4 3 12 10 20 17 6 19 11 2 1 9 15 13 14
11 3 17 6 10 4 19 8 18 1 12 13 2 20 9 16 5 14 7 15
12 16 14 5 15 19 17 18 6 2 3 8 11 1 13 9 4 20 7 10
12 16 14 5 15 19 17 18 6 2 3 8 11 1 13 9 4 20 7 10
3 4 7 20 9 16 11 12 1 17 13 14 8 15 2 10 19 6 5 18
2 6 18 4 14 10 16 5 3 20 13 12 19 7 1 9 11 17 8 15
5 18 19 16 17 2 10 7 4 11 12 13 3 9 1 14 6 15 20 8
17 20 18 19 11 7 16 6 2 1 3 9 13 10 15 4 14 5 12 8
10 1 19 5 20 8 3 9 14 16 2 15 13 6 4 12 17 7 11 18
4 6 1 8 14 11 2 20 16 7 3 19 18 17 12 10 9 15 5 13
16 6 4 7 10 13 9 2 5 19 12 1 11 15 8 18 17 20 14 3
8 6 12 19 4 5 16 14 18 13 3 11 1 10 9 7 2 17 15 20
14 10 20 7 12 11 15 4 16 2 18 3 19 9 6 8 5 17 1 13
4 2 15 5 17 8 16 1 11 12 19 10 14 20 6 13 3 18 9 7
11 1 20 3 9 6 19 13 14 10 7 12 2 8 18 17 15 4 16 5
15 19 8 7 12 6 5 11 20 14 4 1 10 17 16 3 13 2 9 18
12 9 16 11 4 20 15 2 14 8 6 1 7 17 19 10 5 13 3 18
16 19 7 17 14 13 11 5 8 20 6 4 18 3 15 12 9 2 1 10
16 18 8 7 5 4 3 12 10 20 17 6 19 11 2 1 9 15 13 14
11 3 17 6 10 4 19 8 18 1 12 13 2 20 9 16 5 14 7 15
16 20 1 12 7 14 2 19 13 18 11 8 15 4 3 10 5 9 6 17
16 6 4 7 10 13 9 2 5 19 12 1 11 15 8 18 17 20 14 3
12 16 14 5 15 19 17 18 6 2 3 8 11 1 13 9 4 20 7 10
12 16 14 5 15 19 17 18 6 2 3 8 11 1 13 9 4 20 7 10
3 4 7 20 9 16 11 12 1 17 13 14 8 15 2 10 19 6 5 18
2 6 18 4 14 10 16 5 3 20 13 12 19 7 1 9 11 17 8 15
5 18 19 16 17 2 10 7 4 11 12 13 3 9 1 14 6 15 20 8
17 20 18 19 11 7 16 6 2 1 3 9 13 10 15 4 14 5 12 8
16 20 1 12 7 14 2 19 13 18 11 8 15 4 3 10 5 9 6 17
16 6 4 7 10 13 9 2 5 19 12 1 11 15 8 18 17 20 14 3
8 6 12 19 4 5 16 14 18 13 3 11 1 10 9 7 2 17 15 20
14 10 20 7 12 11 15 4 16 2 18 3 19 9 6 8 5 17 1 13
4 9 17 20 12 15 14 7 5 18 16 3 19 11 6 1 10 2 13 8
8 6 12 19 4 5 16 14 18 13 3 11 1 10 9 7 2 17 15 20
14 10 20 7 12 11 15 4 16 2 18 3 19 9 6 8 5 17 1 13
4 9 17 20 12 15 14 7 5 18 16 3 19 11 6 1 10 2 13 8
4 6 1 8 14 11 2 20 16 7 3 19 18 17 12 10 9 15 5 13
12 9 16 11 4 20 15 2 14 8 6 1 7 17 19 10 5 13 3 18
14 19 8 9 5 20 15 13 16 18 6 3 10 11 7 2 1 17 12 4
2 6 18 4 14 10 16 5 3 20 13 12 19 7 1 9 11 17 8 15
5 18 19 16 17 2 10 7 4 11 12 13 3 9 1 14 6 15 20 8
17 20 18 19 11 7 16 6 2 1 3 9 13 10 15 4 14 5 12 8
20 6 1 4 11 3 17 12 14 7 10 13 9 18 5 8 16 19 2 15
4 6 1 8 14 11 2 20 16 7 3 19 18 17 12 10 9 15 5 13
16 6 4 7 10 13 9 2 5 19 12 1 11 15 8 18 17 20 14 3
8 6 12 19 4 5 16 14 18 13 3 11 1 10 9 7 2 17 15 20
14 10 20 7 12 11 15 4 16 2 18 3 19 9 6 8 5 17 1 13
4 2 15 5 17 8 16 1 11 12 19 10 14 20 6 13 3 18 9 7
11 1 20 3 9 6 19 13 14 10 7 12 2 8 18 17 15 4 16 5
15 19 8 7 12 6 5 11 20 14 4 1 10 17 16 3 13 2 9 18
12 9 16 11 4 20 15 2 14 8 6 1 7 17 19 10 5 13 3 18
16 19 7 17 14 13 11 5 8 20 6 4 18 3 15 12 9 2 1 10
16 18 8 7 5 4 3 12 10 20 17 6 19 11 2 1 9 15 13 14
11 3 17 6 10 4 19 8 18 1 12 13 2 20 9 16 5 14 7 15
12 16 14 5 15 19 17 18 6 2 3 8 11 1 13 9 4 20 7 10
12 16 14 5 15 19 17 18 6 2 3 8 11 1 13 9 4 20 7 10
3 4 7 20 9 16 11 12 1 17 13 14 8 15 2 10 19 6 5 18
2 6 18 4 14 10 16 5 3 20 13 12 19 7 1 9 11 17 8 15
5 18 19 16 17 2 10 7 4 11 12 13 3 9 1 14 6 15 20 8
17 20 18 19 11 7 16 6 2 1 3 9 13 10 15 4 14 5 12 8
16 20 1 12 7 14 2 19 13 18 11 8 15 4 3 10 5 9 6 17
16 6 4 7 10 13 9 2 5 19 12 1 11 15 8 18 17 20 14 3
8 6 12 19 4 5 16 14 18 13 3 11 1 10 9 7 2 17 15 20
14 10 20 7 12 11 15 4 16 2 18 3 19 9 6 8 5 17 1 13
4 9 17 20 12 15 14 7 5 18 16 3 19 11 6 1 10 2 13 8
9 20 19 6 13 4 16 10 8 14 3 12 1 5 17 11 15 2 18 7
4 6 1 8 14 11 2 20 16 7 3 19 18 17 12 10 9 15 5 13
1 11 8 18 15 3 20 12 13 10 6 16 4 5 9 2 14 17 7 19
1 20 14 2 19 17 7 4 16 10 9 15 5 11 13 8 3 18 6 12
8 4 17 5 18 20 13 9 6 15 3 12 11 10 7 1 2 19 16 14
11 3 17 6 10 4 19 8 18 1 12 13 2 20 9 16 5 14 7 15
10 18 11 5 12 19 2 17 4 1 9 20 3 16 7 8 15 14 6 13
15 16 14 8 17 13 10 2 18 6 3 7 9 1 20 5 11 19 4 12
10 1 19 5 20 8 3 9 14 16 2 15 13 6 4 12 17 7 11 18
4 6 1 8 14 11 2 20 16 7 3 19 18 17 12 10 9 15 5 13
16 6 4 7 10 13 9 2 5 19 12 1 11 15 8 18 17 20 14 3
8 6 12 19 4 5 16 14 18 13 3 11 1 10 9 7 2 17 15 20
14 10 20 7 12 11 15 4 16 2 18 3 19 9 6 8 5 17 1 13
4 2 15 5 17 8 16 1 11 12 19 10 14 20 6 13 3 18 9 7
11 1 20 3 9 6 19 13 14 10 7 12 2 8 18 17 15 4 16 5
15 19 8 7 12 6 5 11 20 14 4 1 10 17 16 3 13 2 9 18
12 9 16 11 4 20 15 2 14 8 6 1 7 17 19 10 5 13 3 18
16 19 7 17 14 13 11 5 8 20 6 4 18 3 15 12 9 2 1 10
16 18 8 7 5 4 3 12 10 20 17 6 19 11 2 1 9 15 13 14
11 3 17 6 10 4 19 8 18 1 12 13 2 20 9 16 5 14 7 15
4 6 1 8 14 11 2 20 16 7 3 19 18 17 12 10 9 15 5 13
16 13 1 4 3 8 7 12 10 14 17 18 19 20 6 2 15 5 9 11
3 19 11 13 7 14 10 18 4 5 12 17 1 9 16 15 6 2 8 20
16 1 15 10 19 14 18 6 3 4 7 12 17 20 11 5 8 2 9 13
4 17 10 1 6 7 9 5 12 16 2 15 8 18 20 19 13 14 11 3
7 2 16 5 10 13 19 14 4 9 15 6 1 20 3 17 8 11 18 12
10 6 20 18 3 13 12 9 11 14 5 17 1 19 8 15 7 2 16 4
9 13 18 20 12 16 8 1 3 19 4 6 14 11 17 15 5 10 2 7
5 9 4 11 13 1 19 3 17 2 20 8 15 7 6 14 10 16 12 18
17 3 20 19 15 12 2 4 6 7 14 9 16 1 11 5 18 10 8 13
5 16 1 20 6 9 15 4 17 12 11 18 7 13 3 14 2 19 10 8
13 5 6 9 15 14 3 10 17 2 16 12 8 1 7 4 11 20 18 19
11 14 2 12 7 16 1 6 8 4 3 5 9 15 19 17 13 20 10 18
7 1 2 16 8 15 6 10 5 18 3 14 11 13 20 9 19 4 12 17
12 16 9 11 20 6 14 13 5 4 2 18 1 3 15 17 19 8 10 7
6 11 8 13 9 7 3 19 2 15 18 1 5 16 17 10 14 20 12 4
8 3 15 4 2 5 6 13 9 18 16 7 11 1 20 12 19 14 10 17
20 9 10 14 4 15 16 11 17 6 13 19 8 18 5 12 7 3 2 1
4 2 11 15 6 12 1 14 20 17 13 10 9 16 19 18 3 8 7 5
12 9 16 11 4 20 15 2 14 8 6 1 7 17 19 10 5 13 3 18
14 19 8 9 5 20 15 13 16 18 6 3 10 11 7 2 1 17 12 4
4 6 1 8 14 11 2 20 16 7 3 19 18 17 12 10 9 15 5 13
16 6 4 7 10 13 9 2 5 19 12 1 11 15 8 18 17 20 14 3
8 6 12 19 4 5 16 14 18 13 3 11 1 10 9 7 2 17 15 20
14 10 20 7 12 11 15 4 16 2 18 3 19 9 6 8 5 17 1 13
4 2 15 5 17 8 16 1 11 12 19 10 14 20 6 13 3 18 9 7
11 1 20 3 9 6 19 13 14 10 7 12 2 8 18 17 15 4 16 5
15 19 8 7 12 6 5 11 20 14 4 1 10 17 16 3 13 2 9 18
12 9 16 11 4 20 15 2 14 8 6 1 7 17 19 10 5 13 3 18
16 19 7 17 14 13 11 5 8 20 6 4 18 3 15 12 9 2 1 10
16 18 8 7 5 4 3 12 10 20 17 6 19 11 2 1 9 15 13 14
11 3 17 6 10 4 19 8 18 1 12 13 2 20 9 16 5 14 7 15
12 16 14 5 15 19 17 18 6 2 3 8 11 1 13 9 4 20 7 10
12 16 14 5 15 19 17 18 6 2 3 8 11 1 13 9 4 20 7 10
3 4 7 20 9 16 11 12 1 17 13 14 8 15 2 10 19 6 5 18
2 6 18 4 14 10 16 5 3 20 13 12 19 7 1 9 11 17 8 15
5 18 19 16 17 2 10 7 4 11 12 13 3 9 1 14 6 15 20 8
17 20 18 19 11 7 16 6 2 1 3 9 13 10 15 4 14 5 12 8
16 20 1 12 7 14 2 19 13 18 11 8 15 4 3 10 5 9 6 17
16 6 4 7 10 13 9 2 5 19 12 1 11 15 8 18 17 20 14 3
8 6 12 19 4 5 16 14 18 13 3 11 1 10 9 7 2 17 15 20
14 10 20 7 12 11 15 4 16 2 18 3 19 9 6 8 5 17 1 13
4 9 17 20 12 15 14 7 5 18 16 3 19 11 6 1 10 2 13 8
12 16 14 5 15 19 17 18 6 2 3 8 11 1 13 9 4 20 7 10
12 16 14 5 15 19 17 18 6 2 3 8 11 1 13 9 4 20 7 10
3 4 7 20 9 16 11 12 1 17 13 14 8 15 2 10 19 6 5 18
2 6 18 4 14 10 16 5 3 20 13 12 19 7 1 9 11 17 8 15
5 18 19 16 17 2 10 7 4 11 12 13 3 9 1 14 6 15 20 8
17 20 18 19 11 7 16 6 2 1 3 9 13 10 15 4 14 5 12 8
16 20 1 12 7 14 2 19 13 18 11 8 15 4 3 10 5 9 6 17
16 6 4 7 10 13 9 2 5 19 12 1 11 15 8 18 17 20 14 3
8 6 12 19 4 5 16 14 18 13 3 11 1 10 9 7 2 17 15 20
14 10 20 7 12 11 15 4 16 2 18 3 19 9 6 8 5 17 1 13
4 9 17 20 12 15 14 7 5 18 16 3 19 11 6 1 10 2 13 8
2 6 18 4 14 10 16 5 3 20 13 12 19 7 1 9 11 17 8 15
5 18 19 16 17 2 10 7 4 11 12 13 3 9 1 14 6 15 20 8
17 20 18 19 11 7 16 6 2 1 3 9 13 10 15 4 14 5 12 8
15 12 2 18 4 10 14 11 8 20 13 16 19 17 9 7 1 5 3 6
4 6 1 8 14 11 2 20 16 7 3 19 18 17 12 10 9 15 5 13
4 6 1 8 14 11 2 20 16 7 3 19 18 17 12 10 9 15 5 13
16 6 4 7 10 13 9 2 5 19 12 1 11 15 8 18 17 20 14 3
8 6 12 19 4 5 16 14 18 13 3 11 1 10 9 7 2 17 15 20
14 10 20 7 12 11 15 4 16 2 18 3 19 9 6 8 5 17 1 13
4 2 15 5 17 8 16 1 11 12 19 10 14 20 6 13 3 18 9 7
11 1 20 3 9 6 19 13 14 10 7 12 2 8 18 17 15 4 16 5
15 19 8 7 12 6 5 11 20 14 4 1 10 17 16 3 13 2 9 18
12 9 16 11 4 20 15 2 14 8 6 1 7 17 19 10 5 13 3 18
16 19 7 17 14 13 11 5 8 20 6 4 18 3 15 12 9 2 1 10
16 13 1 4 3 8 7 12 10 14 17 18 19 20 6 2 15 5 9 11
3 19 11 13 7 14 10 18 4 5 12 17 1 9 16 15 6 2 8 20
16 1 15 10 19 14 18 6 3 4 7 12 17 20 11 5 8 2 9 13
4 17 10 1 6 7 9 5 12 16 2 15 8 18 20 19 13 14 11 3
7 2 16 5 10 13 19 14 4 9 15 6 1 20 3 17 8 11 18 12
10 6 20 18 3 13 12 9 11 14 5 17 1 19 8 15 7 2 16 4
9 13 18 20 12 16 8 1 3 19 4 6 14 11 17 15 5 10 2 7
5 9 4 11 13 1 19 3 17 2 20 8 15 7 6 14 10 16 12 18
17 3 20 19 15 12 2 4 6 7 14 9 16 1 11 5 18 10 8 13
5 16 1 20 6 9 15 4 17 12 11 18 7 13 3 14 2 19 10 8
13 5 6 9 15 14 3 10 17 2 16 12 8 1 7 4 11 20 18 19
10 1 19 5 20 8 3 9 14 16 2 15 13 6 4 12 17 7 11 18
4 6 1 8 14 11 2 20 16 7 3 19 18 17 12 10 9 15 5 13
16 6 4 7 10 13 9 2 5 19 12 1 11 15 8 18 17 20 14 3
8 6 12 19 4 5 16 14 18 13 3 11 1 10 9 7 2 17 15 20
14 10 20 7 12 11 15 4 16 2 18 3 19 9 6 8 5 17 1 13
4 2 15 5 17 8 16 1 11 12 19 10 14 20 6 13 3 18 9 7
11 1 20 3 9 6 19 13 14 10 7 12 2 8 18 17 15 4 16 5
15 19 8 7 12 6 5 11 20 14 4 1 10 17 16 3 13 2 9 18
12 9 16 11 4 20 15 2 14 8 6 1 7 17 19 10 5 13 3 18
16 19 7 17 14 13 11 5 8 20 6 4 18 3 15 12 9 2 1 10
16 18 8 7 5 4 3 12 10 20 17 6 19 11 2 1 9 15 13 14
11 3 17 6 10 4 19 8 18 1 12 13 2 20 9 16 5 14 7 15
16 18 8 7 5 4 3 12 10 20 17 6 19 11 2 1 9 15 13 14
11 3 17 6 10 4 19 8 18 1 12 13 2 20 9 16 5 14 7 15
12 16 14 5 15 19 17 18 6 2 3 8 11 1 13 9 4 20 7 10
12 16 14 5 15 19 17 18 6 2 3 8 11 1 13 9 4 20 7 10
3 4 7 20 9 16 11 12 1 17 13 14 8 15 2 10 19 6 5 18
2 6 18 4 14 10 16 5 3 20 13 12 19 7 1 9 11 17 8 15
5 18 19 16 17 2 10 7 4 11 12 13 3 9 1 14 6 15 20 8
17 20 18 19 11 7 16 6 2 1 3 9 13 10 15 4 14 5 12 8
16 20 1 12 7 14 2 19 13 18 11 8 15 4 3 10 5 9 6 17
16 6 4 7 10 13 9 2 5 19 12 1 11 15 8 18 17 20 14 3
8 6 12 19 4 5 16 14 18 13 3 11 1 10 9 7 2 17 15 20
14 10 20 7 12 11 15 4 16 2 18 3 19 9 6 8 5 17 1 13
4 9 17 20 12 15 14 7 5 18 16 3 19 11 6 1 10 2 13 8
15 12 2 18 4 10 14 11 8 20 13 16 19 17 9 7 1 5 3 6
4 6 1 8 14 11 2 20 16 7 3 19 18 17 12 10 9 15 5 13
16 6 4 7 10 13 9 2 5 19 12 1 11 15 8 18 17 20 14 3
8 6 12 19 4 5 16 14 18 13 3 11 1 10 9 7 2 17 15 20
14 10 20 7 12 11 15 4 16 2 18 3 19 9 6 8 5 17 1 13
4 2 15 5 17 8 16 1 11 12 19 10 14 20 6 13 3 18 9 7
11 1 20 3 9 6 19 13 14 10 7 12 2 8 18 17 15 4 16 5
15 19 8 7 12 6 5 11 20 14 4 1 10 17 16 3 13 2 9 18
12 9 16 11 4 20 15 2 14 8 6 1 7 17 19 10 5 13 3 18
16 19 7 17 14 13 11 5 8 20 6 4 18 3 15 12 9 2 1 10
16 18 8 7 5 4 3 12 10 20 17 6 19 11 2 1 9 15 13 14
11 3 17 6 10 4 19 8 18 1 12 13 2 20 9 16 5 14 7 15
12 16 14 5 15 19 17 18 6 2 3 8 11 1 13 9 4 20 7 10
12 16 14 5 15 19 17 18 6 2 3 8 11 1 13 9 4 20 7 10
3 4 7 20 9 16 11 12 1 17 13 14 8 15 2 10 19 6 5 18
2 6 18 4 14 10 16 5 3 20 13 12 19 7 1 9 11 17 8 15
5 18 19 16 17 2 10 7 4 11 12 13 3 9 1 14 6 15 20 8
17 20 18 19 11 7 16 6 2 1 3 9 13 10 15 4 14 5 12 8
10 1 19 5 20 8 3 9 14 16 2 15 13 6 4 12 17 7 11 18
16 19 7 17 14 13 11 5 8 20 6 4 18 3 15 12 9 2 1 10
16 18 8 7 5 4 3 12 10 20 17 6 19 11 2 1 9 15 13 14
11 3 17 6 10 4 19 8 18 1 12 13 2 20 9 16 5 14 7 15
12 16 14 5 15 19 17 18 6 2 3 8 11 1 13 9 4 20 7 10
12 16 14 5 15 19 17 18 6 2 3 8 11 1 13 9 4 20 7 10
3 4 7 20 9 16 11 12 1 17 13 14 8 15 2 10 19 6 5 18
2 6 18 4 14 10 16 5 3 20 13 12 19 7 1 9 11 17 8 15
5 18 19 16 17 2 10 7 4 11 12 13 3 9 1 14 6 15 20 8
17 20 18 19 11 7 16 6 2 1 3 9 13 10 15 4 14 5 12 8
16 20 1 12 7 14 2 19 13 18 11 8 15 4 3 10 5 9 6 17
16 6 4 7 10 13 9 2 5 19 12 1 11 15 8 18 17 20 14 3
8 6 12 19 4 5 16 14 18 13 3 11 1 10 9 7 2 17 15 20
14 10 20 7 12 11 15 4 16 2 18 3 19 9 6 8 5 17 1 13
4 9 17 20 12 15 14 7 5 18 16 3 19 11 6 1 10 2 13 8
9 20 19 6 13 4 16 10 8 14 3 12 1 5 17 11 15 2 18 7
4 6 1 8 14 11 2 20 16 7 3 19 18 17 12 10 9 15 5 13
4 6 1 8 14 11 2 20 16 7 3 19 18 17 12 10 9 15 5 13
16 6 4 7 10 13 9 2 5 19 12 1 11 15 8 18 17 20 14 3
8 6 12 19 4 5 16 14 18 13 3 11 1 10 9 7 2 17 15 20
14 10 20 7 12 11 15 4 16 2 18 3 19 9 6 8 5 17 1 13
4 2 15 5 17 8 16 1 11 12 19 10 14 20 6 13 3 18 9 7
11 1 20 3 9 6 19 13 14 10 7 12 2 8 18 17 15 4 16 5
15 19 8 7 12 6 5 11 20 14 4 1 10 17 16 3 13 2 9 18
12 9 16 11 4 20 15 2 14 8 6 1 7 17 19 10 5 13 3 18
16 19 7 17 14 13 11 5 8 20 6 4 18 3 15 12 9 2 1 10
16 18 8 7 5 4 3 12 10 20 17 6 19 11 2 1 9 15 13 14
11 3 17 6 10 4 19 8 18 1 12 13 2 20 9 16 5 14 7 15
16 20 1 12 7 14 2 19 13 18 11 8 15 4 3 10 5 9 6 17
16 6 4 7 10 13 9 2 5 19 12 1 11 15 8 18 17 20 14 3
16 13 1 4 3 8 7 12 10 14 17 18 19 20 6 2 15 5 9 11
3 19 11 13 7 14 10 18 4 5 12 17 1 9 16 15 6 2 8 20
16 1 15 10 19 14 18 6 3 4 7 12 17 20 11 5 8 2 9 13
4 17 10 1 6 7 9 5 12 16 2 15 8 18 20 19 13 14 11 3
7 2 16 5 10 13 19 14 4 9 15 6 1 20 3 17 8 11 18 12
10 6 20 18 3 13 12 9 11 14 5 17 1 19 8 15 7 2 16 4
9 13 18 20 12 16 8 1 3 19 4 6 14 11 17 15 5 10 2 7
5 9 4 11 13 1 19 3 17 2 20 8 15 7 6 14 10 16 12 18
17 3 20 19 15 12 2 4 6 7 14 9 16 1 11 5 18 10 8 13
5 16 1 20 6 9 15 4 17 12 11 18 7 13 3 14 2 19 10 8
13 5 6 9 15 14 3 10 17 2 16 12 8 1 7 4 11 20 18 19
12 16 14 5 15 19 17 18 6 2 3 8 11 1 13 9 4 20 7 10
12 16 14 5 15 19 17 18 6 2 3 8 11 1 13 9 4 20 7 10
11 3 17 6 10 4 19 8 18 1 12 13 2 20 9 16 5 14 7 15
12 16 14 5 15 19 17 18 6 2 3 8 11 1 13 9 4 20 7 10
12 16 14 5 15 19 17 18 6 2 3 8 11 1 13 9 4 20 7 10
16 13 1 4 3 8 7 12 10 14 17 18 19 20 6 2 15 5 9 11
3 19 11 13 7 14 10 18 4 5 12 17 1 9 16 15 6 2 8 20
16 1 15 10 19 14 18 6 3 4 7 12 17 20 11 5 8 2 9 13
4 17 10 1 6 7 9 5 12 16 2 15 8 18 20 19 13 14 11 3
7 2 16 5 10 13 19 14 4 9 15 6 1 20 3 17 8 11 18 12
10 6 20 18 3 13 12 9 11 14 5 17 1 19 8 15 7 2 16 4
9 13 18 20 12 16 8 1 3 19 4 6 14 11 17 15 5 10 2 7
5 9 4 11 13 1 19 3 17 2 20 8 15 7 6 14 10 16 12 18
17 3 20 19 15 12 2 4 6 7 14 9 16 1 11 5 18 10 8 13
5 16 1 20 6 9 15 4 17 12 11 18 7 13 3 14 2 19 10 8
13 5 6 9 15 14 3 10 17 2 16 12 8 1 7 4 11 20 18 19
3 4 7 20 9 16 11 12 1 17 13 14 8 15 2 10 19 6 5 18
2 6 18 4 14 10 16 5 3 20 13 12 19 7 1 9 11 17 8 15
5 18 19 16 17 2 10 7 4 11 12 13 3 9 1 14 6 15 20 8
17 20 18 19 11 7 16 6 2 1 3 9 13 10 15 4 14 5 12 8
16 20 1 12 7 14 2 19 13 18 11 8 15 4 3 10 5 9 6 17
16 6 4 7 10 13 9 2 5 19 12 1 11 15 8 18 17 20 14 3
8 6 12 19 4 5 16 14 18 13 3 11 1 10 9 7 2 17 15 20
14 10 20 7 12 11 15 4 16 2 18 3 19 9 6 8 5 17 1 13
3 4 7 20 9 16 11 12 1 17 13 14 8 15 2 10 19 6 5 18
2 6 18 4 14 10 16 5 3 20 13 12 19 7 1 9 11 17 8 15
4 17 10 1 6 7 9 5 12 16 2 15 8 18 20 19 13 14 11 3
7 2 16 5 10 13 19 14 4 9 15 6 1 20 3 17 8 11 18 12
10 6 20 18 3 13 12 9 11 14 5 17 1 19 8 15 7 2 16 4
9 13 18 20 12 16 8 1 3 19 4 6 14 11 17 15 5 10 2 7
5 9 4 11 13 1 19 3 17 2 20 8 15 7 6 14 10 16 12 18
17 3 20 19 15 12 2 4 6 7 14 9 16 1 11 5 18 10 8 13
5 16 1 20 6 9 15 4 17 12 11 18 7 13 3 14 2 19 10 8
13 5 6 9 15 14 3 10 17 2 16 12 8 1 7 4 11 20 18 19
3 4 7 20 9 16 11 12 1 17 13 14 8 15 2 10 19 6 5 18
2 6 18 4 14 10 16 5 3 20 13 12 19 7 1 9 11 17 8 15
5 18 19 16 17 2 10 7 4 11 12 13 3 9 1 14 6 15 20 8
17 20 18 19 11 7 16 6 2 1 3 9 13 10 15 4 14 5 12 8
16 20 1 12 7 14 2 19 13 18 11 8 15 4 3 10 5 9 6 17
16 6 4 7 10 13 9 2 5 19 12 1 11 15 8 18 17 20 14 3
5 18 19 16 17 2 10 7 4 11 12 13 3 9 1 14 6 15 20 8
17 20 18 19 11 7 16 6 2 1 3 9 13 10 15 4 14 5 12 8
16 20 1 12 7 14 2 19 13 18 11 8 15 4 3 10 5 9 6 17
16 6 4 7 10 13 9 2 5 19 12 1 11 15 8 18 17 20 14 3
8 6 12 19 4 5 16 14 18 13 3 11 1 10 9 7 2 17 15 20
14 10 20 7 12 11 15 4 16 2 18 3 19 9 6 8 5 17 1 13
4 9 17 20 12 15 14 7 5 18 16 3 19 11 6 1 10 2 13 8
8 6 12 19 4 5 16 14 18 13 3 11 1 10 9 7 2 17 15 20
14 10 20 7 12 11 15 4 16 2 18 3 19 9 6 8 5 17 1 13
4 9 17 20 12 15 14 7 5 18 16 3 19 11 6 1 10 2 13 8
4 6 1 8 14 11 2 20 16 7 3 19 18 17 12 10 9 15 5 13
12 9 16 11 4 20 15 2 14 8 6 1 7 17 19 10 5 13 3 18
14 19 8 9 5 20 15 13 16 18 6 3 10 11 7 2 1 17 12 4
2 6 18 4 14 10 16 5 3 20 13 12 19 7 1 9 11 17 8 15
5 18 19 16 17 2 10 7 4 11 12 13 3 9 1 14 6 15 20 8
17 20 18 19 11 7 16 6 2 1 3 9 13 10 15 4 14 5 12 8
20 6 1 4 11 3 17 12 14 7 10 13 9 18 5 8 16 19 2 15
4 6 1 8 14 11 2 20 16 7 3 19 18 17 12 10 9 15 5 13
16 6 4 7 10 13 9 2 5 19 12 1 11 15 8 18 17 20 14 3
8 6 12 19 4 5 16 14 18 13 3 11 1 10 9 7 2 17 15 20
14 10 20 7 12 11 15 4 16 2 18 3 19 9 6 8 5 17 1 13
4 2 15 5 17 8 16 1 11 12 19 10 14 20 6 13 3 18 9 7
11 1 20 3 9 6 19 13 14 10 7 12 2 8 18 17 15 4 16 5
15 19 8 7 12 6 5 11 20 14 4 1 10 17 16 3 13 2 9 18
12 9 16 11 4 20 15 2 14 8 6 1 7 17 19 10 5 13 3 18
16 19 7 17 14 13 11 5 8 20 6 4 18 3 15 12 9 2 1 10
16 18 8 7 5 4 3 12 10 20 17 6 19 11 2 1 9 15 13 14
11 3 17 6 10 4 19 8 18 1 12 13 2 20 9 16 5 14 7 15
12 16 14 5 15 19 17 18 6 2 3 8 11 1 13 9 4 20 7 10
12 16 14 5 15 19 17 18 6 2 3 8 11 1 13 9 4 20 7 10
3 4 7 20 9 16 11 12 1 17 13 14 8 15 2 10 19 6 5 18
2 6 18 4 14 10 16 5 3 20 13 12 19 7 1 9 11 17 8 15
5 18 19 16 17 2 10 7 4 11 12 13 3 9 1 14 6 15 20 8
17 20 18 19 11 7 16 6 2 1 3 9 13 10 15 4 14 5 12 8
16 20 1 12 7 14 2 19 13 18 11 8 15 4 3 10 5 9 6 17
16 6 4 7 10 13 9 2 5 19 12 1 11 15 8 18 17 20 14 3
8 6 12 19 4 5 16 14 18 13 3 11 1 10 9 7 2 17 15 20
14 10 20 7 12 11 15 4 16 2 18 3 19 9 6 8 5 17 1 13
4 9 17 20 12 15 14 7 5 18 16 3 19 11 6 1 10 2 13 8
9 20 19 6 13 4 16 10 8 14 3 12 1 5 17 11 15 2 18 7
4 6 1 8 14 11 2 20 16 7 3 19 18 17 12 10 9 15 5 13
1 11 8 18 15 3 20 12 13 10 6 16 4 5 9 2 14 17 7 19
1 20 14 2 19 17 7 4 16 10 9 15 5 11 13 8 3 18 6 12
8 4 17 5 18 20 13 9 6 15 3 12 11 10 7 1 2 19 16 14
11 3 17 6 10 4 19 8 18 1 12 13 2 20 9 16 5 14 7 15
10 18 11 5 12 19 2 17 4 1 9 20 3 16 7 8 15 14 6 13
15 16 14 8 17 13 10 2 18 6 3 7 9 1 20 5 11 19 4 12
10 1 19 5 20 8 3 9 14 16 2 15 13 6 4 12 17 7 11 18
4 6 1 8 14 11 2 20 16 7 3 19 18 17 12 10 9 15 5 13
16 6 4 7 10 13 9 2 5 19 12 1 11 15 8 18 17 20 14 3
8 6 12 19 4 5 16 14 18 13 3 11 1 10 9 7 2 17 15 20
14 10 20 7 12 11 15 4 16 2 18 3 19 9 6 8 5 17 1 13
4 2 15 5 17 8 16 1 11 12 19 10 14 20 6 13 3 18 9 7
11 1 20 3 9 6 19 13 14 10 7 12 2 8 18 17 15 4 16 5
15 19 8 7 12 6 5 11 20 14 4 1 10 17 16 3 13 2 9 18
12 9 16 11 4 20 15 2 14 8 6 1 7 17 19 10 5 13 3 18
16 19 7 17 14 13 11 5 8 20 6 4 18 3 15 12 9 2 1 10
16 18 8 7 5 4 3 12 10 20 17 6 19 11 2 1 9 15 13 14
11 3 17 6 10 4 19 8 18 1 12 13 2 20 9 16 5 14 7 15
4 6 1 8 14 11 2 20 16 7 3 19 18 17 12 10 9 15 5 13
11 14 2 12 7 16 1 6 8 4 3 5 9 15 19 17 13 20 10 18
7 1 2 16 8 15 6 10 5 18 3 14 11 13 20 9 19 4 12 17
12 16 9 11 20 6 14 13 5 4 2 18 1 3 15 17 19 8 10 7
6 11 8 13 9 7 3 19 2 15 18 1 5 16 17 10 14 20 12 4
8 3 15 4 2 5 6 13 9 18 16 7 11 1 20 12 19 14 10 17
20 9 10 14 4 15 16 11 17 6 13 19 8 18 5 12 7 3 2 1
16 13 1 4 3 8 7 12 10 14 17 18 19 20 6 2 15 5 9 11
3 19 11 13 7 14 10 18 4 5 12 17 1 9 16 15 6 2 8 20
16 1 15 10 19 14 18 6 3 4 7 12 17 20 11 5 8 2 9 13
4 17 10 1 6 7 9 5 12 16 2 15 8 18 20 19 13 14 11 3
7 2 16 5 10 13 19 14 4 9 15 6 1 20 3 17 8 11 18 12
10 6 20 18 3 13 12 9 11 14 5 17 1 19 8 15 7 2 16 4
9 13 18 20 12 16 8 1 3 19 4 6 14 11 17 15 5 10 2 7
5 9 4 11 13 1 19 3 17 2 20 8 15 7 6 14 10 16 12 18
17 3 20 19 15 12 2 4 6 7 14 9 16 1 11 5 18 10 8 13
5 16 1 20 6 9 15 4 17 12 11 18 7 13 3 14 2 19 10 8
13 5 6 9 15 14 3 10 17 2 16 12 8 1 7 4 11 20 18 19
4 2 11 15 6 12 1 14 20 17 13 10 9 16 19 18 3 8 7 5
12 9 16 11 4 20 15 2 14 8 6 1 7 17 19 10 5 13 3 18
14 19 8 9 5 20 15 13 16 18 6 3 10 11 7 2 1 17 12 4
4 6 1 8 14 11 2 20 16 7 3 19 18 17 12 10 9 15 5 13
16 6 4 7 10 13 9 2 5 19 12 1 11 15 8 18 17 20 14 3
8 6 12 19 4 5 16 14 18 13 3 11 1 10 9 7 2 17 15 20
14 10 20 7 12 11 15 4 16 2 18 3 19 9 6 8 5 17 1 13
4 2 15 5 17 8 16 1 11 12 19 10 14 20 6 13 3 18 9 7
11 1 20 3 9 6 19 13 14 10 7 12 2 8 18 17 15 4 16 5
15 19 8 7 12 6 5 11 20 14 4 1 10 17 16 3 13 2 9 18
12 9 16 11 4 20 15 2 14 8 6 1 7 17 19 10 5 13 3 18
16 19 7 17 14 13 11 5 8 20 6 4 18 3 15 12 9 2 1 10
16 18 8 7 5 4 3 12 10 20 17 6 19 11 2 1 9 15 13 14
11 3 17 6 10 4 19 8 18 1 12 13 2 20 9 16 5 14 7 15
12 16 14 5 15 19 17 18 6 2 3 8 11 1 13 9 4 20 7 10
12 16 14 5 15 19 17 18 6 2 3 8 11 1 13 9 4 20 7 10
16 13 1 4 3 8 7 12 10 14 17 18 19 20 6 2 15 5 9 11
3 19 11 13 7 14 10 18 4 5 12 17 1 9 16 15 6 2 8 20
16 1 15 10 19 14 18 6 3 4 7 12 17 20 11 5 8 2 9 13
4 17 10 1 6 7 9 5 12 16 2 15 8 18 20 19 13 14 11 3
7 2 16 5 10 13 19 14 4 9 15 6 1 20 3 17 8 11 18 12
10 6 20 18 3 13 12 9 11 14 5 17 1 19 8 15 7 2 16 4
9 13 18 20 12 16 8 1 3 19 4 6 14 11 17 15 5 10 2 7
5 9 4 11 13 1 19 3 17 2 20 8 15 7 6 14 10 16 12 18
17 3 20 19 15 12 2 4 6 7 14 9 16 1 11 5 18 10 8 13
5 16 1 20 6 9 15 4 17 12 11 18 7 13 3 14 2 19 10 8
13 5 6 9 15 14 3 10 17 2 16 12 8 1 7 4 11 20 18 19
3 4 7 20 9 16 11 12 1 17 13 14 8 15 2 10 19 6 5 18
2 6 18 4 14 10 16 5 3 20 13 12 19 7 1 9 11 17 8 15
5 18 19 16 17 2 10 7 4 11 12 13 3 9 1 14 6 15 20 8
17 20 18 19 11 7 16 6 2 1 3 9 13 10 15 4 14 5 12 8
16 20 1 12 7 14 2 19 13 18 11 8 15 4 3 10 5 9 6 17
16 6 4 7 10 13 9 2 5 19 12 1 11 15 8 18 17 20 14 3
8 6 12 19 4 5 16 14 18 13 3 11 1 10 9 7 2 17 15 20
14 10 20 7 12 11 15 4 16 2 18 3 19 9 6 8 5 17 1 13
4 9 17 20 12 15 14 7 5 18 16 3 19 11 6 1 10 2 13 8
12 16 14 5 15 19 17 18 6 2 3 8 11 1 13 9 4 20 7 10
12 16 14 5 15 19 17 18 6 2 3 8 11 1 13 9 4 20 7 10
3 4 7 20 9 16 11 12 1 17 13 14 8 15 2 10 19 6 5 18
2 6 18 4 14 10 16 5 3 20 13 12 19 7 1 9 11 17 8 15
5 18 19 16 17 2 10 7 4 11 12 13 3 9 1 14 6 15 20 8
17 20 18 19 11 7 16 6 2 1 3 9 13 10 15 4 14 5 12 8
16 20 1 12 7 14 2 19 13 18 11 8 15 4 3 10 5 9 6 17
16 6 4 7 10 13 9 2 5 19 12 1 11 15 8 18 17 20 14 3
8 6 12 19 4 5 16 14 18 13 3 11 1 10 9 7 2 17 15 20
14 10 20 7 12 11 15 4 16 2 18 3 19 9 6 8 5 17 1 13
4 9 17 20 12 15 14 7 5 18 16 3 19 11 6 1 10 2 13 8
2 6 18 4 14 10 16 5 3 20 13 12 19 7 1 9 11 17 8 15
5 18 19 16 17 2 10 7 4 11 12 13 3 9 1 14 6 15 20 8
17 20 18 19 11 7 16 6 2 1 3 9 13 10 15 4 14 5 12 8
15 12 2 18 4 10 14 11 8 20 13 16 19 17 9 7 1 5 3 6
4 6 1 8 14 11 2 20 16 7 3 19 18 17 12 10 9 15 5 13
4 6 1 8 14 11 2 20 16 7 3 19 18 17 12 10 9 15 5 13
16 6 4 7 10 13 9 2 5 19 12 1 11 15 8 18 17 20 14 3
8 6 12 19 4 5 16 14 18 13 3 11 1 10 9 7 2 17 15 20
14 10 20 7 12 11 15 4 16 2 18 3 19 9 6 8 5 17 1 13
4 2 15 5 17 8 16 1 11 12 19 10 14 20 6 13 3 18 9 7
11 1 20 3 9 6 19 13 14 10 7 12 2 8 18 17 15 4 16 5
15 19 8 7 12 6 5 11 20 14 4 1 10 17 16 3 13 2 9 18
12 9 16 11 4 20 15 2 14 8 6 1 7 17 19 10 5 13 3 18
16 19 7 17 14 13 11 5 8 20 6 4 18 3 15 12 9 2 1 10
10 1 19 5 20 8 3 9 14 16 2 15 13 6 4 12 17 7 11 18
4 6 1 8 14 11 2 20 16 7 3 19 18 17 12 10 9 15 5 13
16 6 4 7 10 13 9 2 5 19 12 1 11 15 8 18 17 20 14 3
8 6 12 19 4 5 16 14 18 13 3 11 1 10 9 7 2 17 15 20
14 10 20 7 12 11 15 4 16 2 18 3 19 9 6 8 5 17 1 13
4 2 15 5 17 8 16 1 11 12 19 10 14 20 6 13 3 18 9 7
11 1 20 3 9 6 19 13 14 10 7 12 2 8 18 17 15 4 16 5
15 19 8 7 12 6 5 11 20 14 4 1 10 17 16 3 13 2 9 18
12 9 16 11 4 20 15 2 14 8 6 1 7 17 19 10 5 13 3 18
16 19 7 17 14 13 11 5 8 20 6 4 18 3 15 12 9 2 1 10
16 18 8 7 5 4 3 12 10 20 17 6 19 11 2 1 9 15 13 14
11 3 17 6 10 4 19 8 18 1 12 13 2 20 9 16 5 14 7 15
16 18 8 7 5 4 3 12 10 20 17 6 19 11 2 1 9 15 13 14
11 3 17 6 10 4 19 8 18 1 12 13 2 20 9 16 5 14 7 15
12 16 14 5 15 19 17 18 6 2 3 8 11 1 13 9 4 20 7 10
12 16 14 5 15 19 17 18 6 2 3 8 11 1 13 9 4 20 7 10
3 4 7 20 9 16 11 12 1 17 13 14 8 15 2 10 19 6 5 18
2 6 18 4 14 10 16 5 3 20 13 12 19 7 1 9 11 17 8 15
5 18 19 16 17 2 10 7 4 11 12 13 3 9 1 14 6 15 20 8
17 20 18 19 11 7 16 6 2 1 3 9 13 10 15 4 14 5 12 8
16 20 1 12 7 14 2 19 13 18 11 8 15 4 3 10 5 9 6 17
16 6 4 7 10 13 9 2 5 19 12 1 11 15 8 18 17 20 14 3
8 6 12 19 4 5 16 14 18 13 3 11 1 10 9 7 2 17 15 20
14 10 20 7 12 11 15 4 16 2 18 3 19 9 6 8 5 17 1 13
4 9 17 20 12 15 14 7 5 18 16 3 19 11 6 1 10 2 13 8
16 13 1 4 3 8 7 12 10 14 17 18 19 20 6 2 15 5 9 11
3 19 11 13 7 14 10 18 4 5 12 17 1 9 16 15 6 2 8 20
16 1 15 10 19 14 18 6 3 4 7 12 17 20 11 5 8 2 9 13
4 17 10 1 6 7 9 5 12 16 2 15 8 18 20 19 13 14 11 3
7 2 16 5 10 13 19 14 4 9 15 6 1 20 3 17 8 11 18 12
10 6 20 18 3 13 12 9 11 14 5 17 1 19 8 15 7 2 16 4
9 13 18 20 12 16 8 1 3 19 4 6 14 11 17 15 5 10 2 7
5 9 4 11 13 1 19 3 17 2 20 8 15 7 6 14 10 16 12 18
17 3 20 19 15 12 2 4 6 7 14 9 16 1 11 5 18 10 8 13
5 16 1 20 6 9 15 4 17 12 11 18 7 13 3 14 2 19 10 8
13 5 6 9 15 14 3 10 17 2 16 12 8 1 7 4 11 20 18 19
3 4 7 20 9 16 11 12 1 17 13 14 8 15 2 10 19 6 5 18
2 6 18 4 14 10 16 5 3 20 13 12 19 7 1 9 11 17 8 15
5 18 19 16 17 2 10 7 4 11 12 13 3 9 1 14 6 15 20 8
17 20 18 19 11 7 16 6 2 1 3 9 13 10 15 4 14 5 12 8
