5

20
A
B
C
D
E
F
G
H
I
J
K
L
M
N
O
P
Q
R
S
T
1 2 3 4 5 6 7 8 9 10 11 12 13 14 15 16 17 18 19 20
2 3 4 5 6 7 8 9 10 11 12 13 14 15 16 17 18 19 20 1
3 4 5 6 7 8 9 10 11 12 13 14 15 16 17 18 19 20 1 2
4 5 6 7 8 9 10 11 12 13 14 15 16 17 18 19 20 1 2 3
5 6 7 8 9 10 11 12 13 14 15 16 17 18 19 20 1 2 3 4
6 7 8 9 10 11 12 13 14 15 16 17 18 19 20 1 2 3 4 5
7 8 9 10 11 12 13 14 15 16 17 18 19 20 1 2 3 4 5 6
8 9 10 11 12 13 14 15 16 17 18 19 20 1 2 3 4 5 6 7
9 10 11 12 13 14 15 16 17 18 19 20 1 2 3 4 5 6 7 8
10 11 12 13 14 15 16 17 18 19 20 1 2 3 4 5 6 7 8 9
11 12 13 14 15 16 17 18 19 20 1 2 3 4 5 6 7 8 9 10
12 13 14 15 16 17 18 19 20 1 2 3 4 5 6 7 8 9 10 11
13 14 15 16 17 18 19 20 1 2 3 4 5 6 7 8 9 10 11 12
14 15 16 17 18 19 20 1 2 3 4 5 6 7 8 9 10 11 12 13
15 16 17 18 19 20 1 2 3 4 5 6 7 8 9 10 11 12 13 14
16 17 18 19 20 1 2 3 4 5 6 7 8 9 10 11 12 13 14 15
17 18 19 20 1 2 3 4 5 6 7 8 9 10 11 12 13 14 15 16
18 19 20 1 2 3 4 5 6 7 8 9 10 11 12 13 14 15 16 17
19 20 1 2 3 4 5 6 7 8 9 10 11 12 13 14 15 16 17 18
20 1 2 3 4 5 6 7 8 9 10 11 12 13 14 15 16 17 18 19
1 2 3 4 5 6 7 8 9 10 11 12 13 14 15 16 17 18 19 20
2 3 4 5 6 7 8 9 10 11 12 13 14 15 16 17 18 19 20 1
3 4 5 6 7 8 9 10 11 12 13 14 15 16 17 18 19 20 1 2
4 5 6 7 8 9 10 11 12 13 14 15 16 17 18 19 20 1 2 3
5 6 7 8 9 10 11 12 13 14 15 16 17 18 19 20 1 2 3 4
6 7 8 9 10 11 12 13 14 15 16 17 18 19 20 1 2 3 4 5
7 8 9 10 11 12 13 14 15 16 17 18 19 20 1 2 3 4 5 6
8 9 10 11 12 13 14 15 16 17 18 19 20 1 2 3 4 5 6 7
9 10 11 12 13 14 15 16 17 18 19 20 1 2 3 4 5 6 7 8
10 11 12 13 14 15 16 17 18 19 20 1 2 3 4 5 6 7 8 9
11 12 13 14 15 16 17 18 19 20 1 2 3 4 5 6 7 8 9 10
12 13 14 15 16 17 18 19 20 1 2 3 4 5 6 7 8 9 10 11
13 14 15 16 17 18 19 20 1 2 3 4 5 6 7 8 9 10 11 12
14 15 16 17 18 19 20 1 2 3 4 5 6 7 8 9 10 11 12 13
15 16 17 18 19 20 1 2 3 4 5 6 7 8 9 10 11 12 13 14
16 17 18 19 20 1 2 3 4 5 6 7 8 9 10 11 12 13 14 15
17 18 19 20 1 2 3 4 5 6 7 8 9 10 11 12 13 14 15 16
18 19 20 1 2 3 4 5 6 7 8 9 10 11 12 13 14 15 16 17
19 20 1 2 3 4 5 6 7 8 9 10 11 12 13 14 15 16 17 18
20 1 2 3 4 5 6 7 8 9 10 11 12 13 14 15 16 17 18 19
1 2 3 4 5 6 7 8 9 10 11 12 13 14 15 16 17 18 19 20
2 3 4 5 6 7 8 9 10 11 12 13 14 15 16 17 18 19 20 1
3 4 5 6 7 8 9 10 11 12 13 14 15 16 17 18 19 20 1 2
4 5 6 7 8 9 10 11 12 13 14 15 16 17 18 19 20 1 2 3
5 6 7 8 9 10 11 12 13 14 15 16 17 18 19 20 1 2 3 4
6 7 8 9 10 11 12 13 14 15 16 17 18 19 20 1 2 3 4 5
7 8 9 10 11 12 13 14 15 16 17 18 19 20 1 2 3 4 5 6
8 9 10 11 12 13 14 15 16 17 18 19 20 1 2 3 4 5 6 7
9 10 11 12 13 14 15 16 17 18 19 20 1 2 3 4 5 6 7 8
10 11 12 13 14 15 16 17 18 19 20 1 2 3 4 5 6 7 8 9
11 12 13 14 15 16 17 18 19 20 1 2 3 4 5 6 7 8 9 10
12 13 14 15 16 17 18 19 20 1 2 3 4 5 6 7 8 9 10 11
13 14 15 16 17 18 19 20 1 2 3 4 5 6 7 8 9 10 11 12
14 15 16 17 18 19 20 1 2 3 4 5 6 7 8 9 10 11 12 13
15 16 17 18 19 20 1 2 3 4 5 6 7 8 9 10 11 12 13 14
16 17 18 19 20 1 2 3 4 5 6 7 8 9 10 11 12 13 14 15
17 18 19 20 1 2 3 4 5 6 7 8 9 10 11 12 13 14 15 16
18 19 20 1 2 3 4 5 6 7 8 9 10 11 12 13 14 15 16 17
19 20 1 2 3 4 5 6 7 8 9 10 11 12 13 14 15 16 17 18
20 1 2 3 4 5 6 7 8 9 10 11 12 13 14 15 16 17 18 19
1 2 3 4 5 6 7 8 9 10 11 12 13 14 15 16 17 18 19 20
2 3 4 5 6 7 8 9 10 11 12 13 14 15 16 17 18 19 20 1
3 4 5 6 7 8 9 10 11 12 13 14 15 16 17 18 19 20 1 2
4 5 6 7 8 9 10 11 12 13 14 15 16 17 18 19 20 1 2 3
5 6 7 8 9 10 11 12 13 14 15 16 17 18 19 20 1 2 3 4
6 7 8 9 10 11 12 13 14 15 16 17 18 19 20 1 2 3 4 5
7 8 9 10 11 12 13 14 15 16 17 18 19 20 1 2 3 4 5 6
8 9 10 11 12 13 14 15 16 17 18 19 20 1 2 3 4 5 6 7
9 10 11 12 13 14 15 16 17 18 19 20 1 2 3 4 5 6 7 8
10 11 12 13 14 15 16 17 18 19 20 1 2 3 4 5 6 7 8 9
11 12 13 14 15 16 17 18 19 20 1 2 3 4 5 6 7 8 9 10
12 13 14 15 16 17 18 19 20 1 2 3 4 5 6 7 8 9 10 11
13 14 15 16 17 18 19 20 1 2 3 4 5 6 7 8 9 10 11 12
14 15 16 17 18 19 20 1 2 3 4 5 6 7 8 9 10 11 12 13
15 16 17 18 19 20 1 2 3 4 5 6 7 8 9 10 11 12 13 14
16 17 18 19 20 1 2 3 4 5 6 7 8 9 10 11 12 13 14 15
17 18 19 20 1 2 3 4 5 6 7 8 9 10 11 12 13 14 15 16
18 19 20 1 2 3 4 5 6 7 8 9 10 11 12 13 14 15 16 17
19 20 1 2 3 4 5 6 7 8 9 10 11 12 13 14 15 16 17 18
20 1 2 3 4 5 6 7 8 9 10 11 12 13 14 15 16 17 18 19
1 2 3 4 5 6 7 8 9 10 11 12 13 14 15 16 17 18 19 20
2 3 4 5 6 7 8 9 10 11 12 13 14 15 16 17 18 19 20 1
3 4 5 6 7 8 9 10 11 12 13 14 15 16 17 18 19 20 1 2
4 5 6 7 8 9 10 11 12 13 14 15 16 17 18 19 20 1 2 3
5 6 7 8 9 10 11 12 13 14 15 16 17 18 19 20 1 2 3 4
6 7 8 9 10 11 12 13 14 15 16 17 18 19 20 1 2 3 4 5
7 8 9 10 11 12 13 14 15 16 17 18 19 20 1 2 3 4 5 6
8 9 10 11 12 13 14 15 16 17 18 19 20 1 2 3 4 5 6 7
9 10 11 12 13 14 15 16 17 18 19 20 1 2 3 4 5 6 7 8
10 11 12 13 14 15 16 17 18 19 20 1 2 3 4 5 6 7 8 9
11 12 13 14 15 16 17 18 19 20 1 2 3 4 5 6 7 8 9 10
12 13 14 15 16 17 18 19 20 1 2 3 4 5 6 7 8 9 10 11
13 14 15 16 17 18 19 20 1 2 3 4 5 6 7 8 9 10 11 12
14 15 16 17 18 19 20 1 2 3 4 5 6 7 8 9 10 11 12 13
15 16 17 18 19 20 1 2 3 4 5 6 7 8 9 10 11 12 13 14
16 17 18 19 20 1 2 3 4 5 6 7 8 9 10 11 12 13 14 15
17 18 19 20 1 2 3 4 5 6 7 8 9 10 11 12 13 14 15 16
18 19 20 1 2 3 4 5 6 7 8 9 10 11 12 13 14 15 16 17
19 20 1 2 3 4 5 6 7 8 9 10 11 12 13 14 15 16 17 18
20 1 2 3 4 5 6 7 8 9 10 11 12 13 14 15 16 17 18 19
1 2 3 4 5 6 7 8 9 10 11 12 13 14 15 16 17 18 19 20
2 3 4 5 6 7 8 9 10 11 12 13 14 15 16 17 18 19 20 1
3 4 5 6 7 8 9 10 11 12 13 14 15 16 17 18 19 20 1 2
4 5 6 7 8 9 10 11 12 13 14 15 16 17 18 19 20 1 2 3
5 6 7 8 9 10 11 12 13 14 15 16 17 18 19 20 1 2 3 4
6 7 8 9 10 11 12 13 14 15 16 17 18 19 20 1 2 3 4 5
7 8 9 10 11 12 13 14 15 16 17 18 19 20 1 2 3 4 5 6
8 9 10 11 12 13 14 15 16 17 18 19 20 1 2 3 4 5 6 7
9 10 11 12 13 14 15 16 17 18 19 20 1 2 3 4 5 6 7 8
10 11 12 13 14 15 16 17 18 19 20 1 2 3 4 5 6 7 8 9
11 12 13 14 15 16 17 18 19 20 1 2 3 4 5 6 7 8 9 10
12 13 14 15 16 17 18 19 20 1 2 3 4 5 6 7 8 9 10 11
13 14 15 16 17 18 19 20 1 2 3 4 5 6 7 8 9 10 11 12
14 15 16 17 18 19 20 1 2 3 4 5 6 7 8 9 10 11 12 13
15 16 17 18 19 20 1 2 3 4 5 6 7 8 9 10 11 12 13 14
16 17 18 19 20 1 2 3 4 5 6 7 8 9 10 11 12 13 14 15
17 18 19 20 1 2 3 4 5 6 7 8 9 10 11 12 13 14 15 16
18 19 20 1 2 3 4 5 6 7 8 9 10 11 12 13 14 15 16 17
19 20 1 2 3 4 5 6 7 8 9 10 11 12 13 14 15 16 17 18
20 1 2 3 4 5 6 7 8 9 10 11 12 13 14 15 16 17 18 19
1 2 3 4 5 6 7 8 9 10 11 12 13 14 15 16 17 18 19 20
2 3 4 5 6 7 8 9 10 11 12 13 14 15 16 17 18 19 20 1
3 4 5 6 7 8 9 10 11 12 13 14 15 16 17 18 19 20 1 2
4 5 6 7 8 9 10 11 12 13 14 15 16 17 18 19 20 1 2 3
5 6 7 8 9 10 11 12 13 14 15 16 17 18 19 20 1 2 3 4
6 7 8 9 10 11 12 13 14 15 16 17 18 19 20 1 2 3 4 5
7 8 9 10 11 12 13 14 15 16 17 18 19 20 1 2 3 4 5 6
8 9 10 11 12 13 14 15 16 17 18 19 20 1 2 3 4 5 6 7
9 10 11 12 13 14 15 16 17 18 19 20 1 2 3 4 5 6 7 8
10 11 12 13 14 15 16 17 18 19 20 1 2 3 4 5 6 7 8 9
11 12 13 14 15 16 17 18 19 20 1 2 3 4 5 6 7 8 9 10
12 13 14 15 16 17 18 19 20 1 2 3 4 5 6 7 8 9 10 11
13 14 15 16 17 18 19 20 1 2 3 4 5 6 7 8 9 10 11 12
14 15 16 17 18 19 20 1 2 3 4 5 6 7 8 9 10 11 12 13
15 16 17 18 19 20 1 2 3 4 5 6 7 8 9 10 11 12 13 14
16 17 18 19 20 1 2 3 4 5 6 7 8 9 10 11 12 13 14 15
17 18 19 20 1 2 3 4 5 6 7 8 9 10 11 12 13 14 15 16
18 19 20 1 2 3 4 5 6 7 8 9 10 11 12 13 14 15 16 17
19 20 1 2 3 4 5 6 7 8 9 10 11 12 13 14 15 16 17 18
20 1 2 3 4 5 6 7 8 9 10 11 12 13 14 15 16 17 18 19
1 2 3 4 5 6 7 8 9 10 11 12 13 14 15 16 17 18 19 20
2 3 4 5 6 7 8 9 10 11 12 13 14 15 16 17 18 19 20 1
3 4 5 6 7 8 9 10 11 12 13 14 15 16 17 18 19 20 1 2
4 5 6 7 8 9 10 11 12 13 14 15 16 17 18 19 20 1 2 3
5 6 7 8 9 10 11 12 13 14 15 16 17 18 19 20 1 2 3 4
6 7 8 9 10 11 12 13 14 15 16 17 18 19 20 1 2 3 4 5
7 8 9 10 11 12 13 14 15 16 17 18 19 20 1 2 3 4 5 6
8 9 10 11 12 13 14 15 16 17 18 19 20 1 2 3 4 5 6 7
9 10 11 12 13 14 15 16 17 18 19 20 1 2 3 4 5 6 7 8
10 11 12 13 14 15 16 17 18 19 20 1 2 3 4 5 6 7 8 9
11 12 13 14 15 16 17 18 19 20 1 2 3 4 5 6 7 8 9 10
12 13 14 15 16 17 18 19 20 1 2 3 4 5 6 7 8 9 10 11
13 14 15 16 17 18 19 20 1 2 3 4 5 6 7 8 9 10 11 12
14 15 16 17 18 19 20 1 2 3 4 5 6 7 8 9 10 11 12 13
15 16 17 18 19 20 1 2 3 4 5 6 7 8 9 10 11 12 13 14
16 17 18 19 20 1 2 3 4 5 6 7 8 9 10 11 12 13 14 15
17 18 19 20 1 2 3 4 5 6 7 8 9 10 11 12 13 14 15 16
18 19 20 1 2 3 4 5 6 7 8 9 10 11 12 13 14 15 16 17
19 20 1 2 3 4 5 6 7 8 9 10 11 12 13 14 15 16 17 18
20 1 2 3 4 5 6 7 8 9 10 11 12 13 14 15 16 17 18 19
1 2 3 4 5 6 7 8 9 10 11 12 13 14 15 16 17 18 19 20
2 3 4 5 6 7 8 9 10 11 12 13 14 15 16 17 18 19 20 1
3 4 5 6 7 8 9 10 11 12 13 14 15 16 17 18 19 20 1 2
4 5 6 7 8 9 10 11 12 13 14 15 16 17 18 19 20 1 2 3
5 6 7 8 9 10 11 12 13 14 15 16 17 18 19 20 1 2 3 4
6 7 8 9 10 11 12 13 14 15 16 17 18 19 20 1 2 3 4 5
7 8 9 10 11 12 13 14 15 16 17 18 19 20 1 2 3 4 5 6
8 9 10 11 12 13 14 15 16 17 18 19 20 1 2 3 4 5 6 7
9 10 11 12 13 14 15 16 17 18 19 20 1 2 3 4 5 6 7 8
10 11 12 13 14 15 16 17 18 19 20 1 2 3 4 5 6 7 8 9
11 12 13 14 15 16 17 18 19 20 1 2 3 4 5 6 7 8 9 10
12 13 14 15 16 17 18 19 20 1 2 3 4 5 6 7 8 9 10 11
13 14 15 16 17 18 19 20 1 2 3 4 5 6 7 8 9 10 11 12
14 15 16 17 18 19 20 1 2 3 4 5 6 7 8 9 10 11 12 13
15 16 17 18 19 20 1 2 3 4 5 6 7 8 9 10 11 12 13 14
16 17 18 19 20 1 2 3 4 5 6 7 8 9 10 11 12 13 14 15
17 18 19 20 1 2 3 4 5 6 7 8 9 10 11 12 13 14 15 16
18 19 20 1 2 3 4 5 6 7 8 9 10 11 12 13 14 15 16 17
19 20 1 2 3 4 5 6 7 8 9 10 11 12 13 14 15 16 17 18
20 1 2 3 4 5 6 7 8 9 10 11 12 13 14 15 16 17 18 19
1 2 3 4 5 6 7 8 9 10 11 12 13 14 15 16 17 18 19 20
2 3 4 5 6 7 8 9 10 11 12 13 14 15 16 17 18 19 20 1
3 4 5 6 7 8 9 10 11 12 13 14 15 16 17 18 19 20 1 2
4 5 6 7 8 9 10 11 12 13 14 15 16 17 18 19 20 1 2 3
5 6 7 8 9 10 11 12 13 14 15 16 17 18 19 20 1 2 3 4
6 7 8 9 10 11 12 13 14 15 16 17 18 19 20 1 2 3 4 5
7 8 9 10 11 12 13 14 15 16 17 18 19 20 1 2 3 4 5 6
8 9 10 11 12 13 14 15 16 17 18 19 20 1 2 3 4 5 6 7
9 10 11 12 13 14 15 16 17 18 19 20 1 2 3 4 5 6 7 8
10 11 12 13 14 15 16 17 18 19 20 1 2 3 4 5 6 7 8 9
11 12 13 14 15 16 17 18 19 20 1 2 3 4 5 6 7 8 9 10
12 13 14 15 16 17 18 19 20 1 2 3 4 5 6 7 8 9 10 11
13 14 15 16 17 18 19 20 1 2 3 4 5 6 7 8 9 10 11 12
14 15 16 17 18 19 20 1 2 3 4 5 6 7 8 9 10 11 12 13
15 16 17 18 19 20 1 2 3 4 5 6 7 8 9 10 11 12 13 14
16 17 18 19 20 1 2 3 4 5 6 7 8 9 10 11 12 13 14 15
17 18 19 20 1 2 3 4 5 6 7 8 9 10 11 12 13 14 15 16
18 19 20 1 2 3 4 5 6 7 8 9 10 11 12 13 14 15 16 17
19 20 1 2 3 4 5 6 7 8 9 10 11 12 13 14 15 16 17 18
20 1 2 3 4 5 6 7 8 9 10 11 12 13 14 15 16 17 18 19
1 2 3 4 5 6 7 8 9 10 11 12 13 14 15 16 17 18 19 20
2 3 4 5 6 7 8 9 10 11 12 13 14 15 16 17 18 19 20 1
3 4 5 6 7 8 9 10 11 12 13 14 15 16 17 18 19 20 1 2
4 5 6 7 8 9 10 11 12 13 14 15 16 17 18 19 20 1 2 3
5 6 7 8 9 10 11 12 13 14 15 16 17 18 19 20 1 2 3 4
6 7 8 9 10 11 12 13 14 15 16 17 18 19 20 1 2 3 4 5
7 8 9 10 11 12 13 14 15 16 17 18 19 20 1 2 3 4 5 6
8 9 10 11 12 13 14 15 16 17 18 19 20 1 2 3 4 5 6 7
9 10 11 12 13 14 15 16 17 18 19 20 1 2 3 4 5 6 7 8
10 11 12 13 14 15 16 17 18 19 20 1 2 3 4 5 6 7 8 9
11 12 13 14 15 16 17 18 19 20 1 2 3 4 5 6 7 8 9 10
12 13 14 15 16 17 18 19 20 1 2 3 4 5 6 7 8 9 10 11
13 14 15 16 17 18 19 20 1 2 3 4 5 6 7 8 9 10 11 12
14 15 16 17 18 19 20 1 2 3 4 5 6 7 8 9 10 11 12 13
15 16 17 18 19 20 1 2 3 4 5 6 7 8 9 10 11 12 13 14
16 17 18 19 20 1 2 3 4 5 6 7 8 9 10 11 12 13 14 15
17 18 19 20 1 2 3 4 5 6 7 8 9 10 11 12 13 14 15 16
18 19 20 1 2 3 4 5 6 7 8 9 10 11 12 13 14 15 16 17
19 20 1 2 3 4 5 6 7 8 9 10 11 12 13 14 15 16 17 18
20 1 2 3 4 5 6 7 8 9 10 11 12 13 14 15 16 17 18 19
1 2 3 4 5 6 7 8 9 10 11 12 13 14 15 16 17 18 19 20
2 3 4 5 6 7 8 9 10 11 12 13 14 15 16 17 18 19 20 1
3 4 5 6 7 8 9 10 11 12 13 14 15 16 17 18 19 20 1 2
4 5 6 7 8 9 10 11 12 13 14 15 16 17 18 19 20 1 2 3
5 6 7 8 9 10 11 12 13 14 15 16 17 18 19 20 1 2 3 4
6 7 8 9 10 11 12 13 14 15 16 17 18 19 20 1 2 3 4 5
7 8 9 10 11 12 13 14 15 16 17 18 19 20 1 2 3 4 5 6
8 9 10 11 12 13 14 15 16 17 18 19 20 1 2 3 4 5 6 7
9 10 11 12 13 14 15 16 17 18 19 20 1 2 3 4 5 6 7 8
10 11 12 13 14 15 16 17 18 19 20 1 2 3 4 5 6 7 8 9
11 12 13 14 15 16 17 18 19 20 1 2 3 4 5 6 7 8 9 10
12 13 14 15 16 17 18 19 20 1 2 3 4 5 6 7 8 9 10 11
13 14 15 16 17 18 19 20 1 2 3 4 5 6 7 8 9 10 11 12
14 15 16 17 18 19 20 1 2 3 4 5 6 7 8 9 10 11 12 13
15 16 17 18 19 20 1 2 3 4 5 6 7 8 9 10 11 12 13 14
16 17 18 19 20 1 2 3 4 5 6 7 8 9 10 11 12 13 14 15
17 18 19 20 1 2 3 4 5 6 7 8 9 10 11 12 13 14 15 16
18 19 20 1 2 3 4 5 6 7 8 9 10 11 12 13 14 15 16 17
19 20 1 2 3 4 5 6 7 8 9 10 11 12 13 14 15 16 17 18
20 1 2 3 4 5 6 7 8 9 10 11 12 13 14 15 16 17 18 19
1 2 3 4 5 6 7 8 9 10 11 12 13 14 15 16 17 18 19 20
2 3 4 5 6 7 8 9 10 11 12 13 14 15 16 17 18 19 20 1
3 4 5 6 7 8 9 10 11 12 13 14 15 16 17 18 19 20 1 2
4 5 6 7 8 9 10 11 12 13 14 15 16 17 18 19 20 1 2 3
5 6 7 8 9 10 11 12 13 14 15 16 17 18 19 20 1 2 3 4
6 7 8 9 10 11 12 13 14 15 16 17 18 19 20 1 2 3 4 5
7 8 9 10 11 12 13 14 15 16 17 18 19 20 1 2 3 4 5 6
8 9 10 11 12 13 14 15 16 17 18 19 20 1 2 3 4 5 6 7
9 10 11 12 13 14 15 16 17 18 19 20 1 2 3 4 5 6 7 8
10 11 12 13 14 15 16 17 18 19 20 1 2 3 4 5 6 7 8 9
11 12 13 14 15 16 17 18 19 20 1 2 3 4 5 6 7 8 9 10
12 13 14 15 16 17 18 19 20 1 2 3 4 5 6 7 8 9 10 11
13 14 15 16 17 18 19 20 1 2 3 4 5 6 7 8 9 10 11 12
14 15 16 17 18 19 20 1 2 3 4 5 6 7 8 9 10 11 12 13
15 16 17 18 19 20 1 2 3 4 5 6 7 8 9 10 11 12 13 14
16 17 18 19 20 1 2 3 4 5 6 7 8 9 10 11 12 13 14 15
17 18 19 20 1 2 3 4 5 6 7 8 9 10 11 12 13 14 15 16
18 19 20 1 2 3 4 5 6 7 8 9 10 11 12 13 14 15 16 17
19 20 1 2 3 4 5 6 7 8 9 10 11 12 13 14 15 16 17 18
20 1 2 3 4 5 6 7 8 9 10 11 12 13 14 15 16 17 18 19
1 2 3 4 5 6 7 8 9 10 11 12 13 14 15 16 17 18 19 20
2 3 4 5 6 7 8 9 10 11 12 13 14 15 16 17 18 19 20 1
3 4 5 6 7 8 9 10 11 12 13 14 15 16 17 18 19 20 1 2
4 5 6 7 8 9 10 11 12 13 14 15 16 17 18 19 20 1 2 3
5 6 7 8 9 10 11 12 13 14 15 16 17 18 19 20 1 2 3 4
6 7 8 9 10 11 12 13 14 15 16 17 18 19 20 1 2 3 4 5
7 8 9 10 11 12 13 14 15 16 17 18 19 20 1 2 3 4 5 6
8 9 10 11 12 13 14 15 16 17 18 19 20 1 2 3 4 5 6 7
9 10 11 12 13 14 15 16 17 18 19 20 1 2 3 4 5 6 7 8
10 11 12 13 14 15 16 17 18 19 20 1 2 3 4 5 6 7 8 9
11 12 13 14 15 16 17 18 19 20 1 2 3 4 5 6 7 8 9 10
12 13 14 15 16 17 18 19 20 1 2 3 4 5 6 7 8 9 10 11
13 14 15 16 17 18 19 20 1 2 3 4 5 6 7 8 9 10 11 12
14 15 16 17 18 19 20 1 2 3 4 5 6 7 8 9 10 11 12 13
15 16 17 18 19 20 1 2 3 4 5 6 7 8 9 10 11 12 13 14
16 17 18 19 20 1 2 3 4 5 6 7 8 9 10 11 12 13 14 15
17 18 19 20 1 2 3 4 5 6 7 8 9 10 11 12 13 14 15 16
18 19 20 1 2 3 4 5 6 7 8 9 10 11 12 13 14 15 16 17
19 20 1 2 3 4 5 6 7 8 9 10 11 12 13 14 15 16 17 18
20 1 2 3 4 5 6 7 8 9 10 11 12 13 14 15 16 17 18 19
1 2 3 4 5 6 7 8 9 10 11 12 13 14 15 16 17 18 19 20
2 3 4 5 6 7 8 9 10 11 12 13 14 15 16 17 18 19 20 1
3 4 5 6 7 8 9 10 11 12 13 14 15 16 17 18 19 20 1 2
4 5 6 7 8 9 10 11 12 13 14 15 16 17 18 19 20 1 2 3
5 6 7 8 9 10 11 12 13 14 15 16 17 18 19 20 1 2 3 4
6 7 8 9 10 11 12 13 14 15 16 17 18 19 20 1 2 3 4 5
7 8 9 10 11 12 13 14 15 16 17 18 19 20 1 2 3 4 5 6
8 9 10 11 12 13 14 15 16 17 18 19 20 1 2 3 4 5 6 7
9 10 11 12 13 14 15 16 17 18 19 20 1 2 3 4 5 6 7 8
10 11 12 13 14 15 16 17 18 19 20 1 2 3 4 5 6 7 8 9
11 12 13 14 15 16 17 18 19 20 1 2 3 4 5 6 7 8 9 10
12 13 14 15 16 17 18 19 20 1 2 3 4 5 6 7 8 9 10 11
13 14 15 16 17 18 19 20 1 2 3 4 5 6 7 8 9 10 11 12
14 15 16 17 18 19 20 1 2 3 4 5 6 7 8 9 10 11 12 13
15 16 17 18 19 20 1 2 3 4 5 6 7 8 9 10 11 12 13 14
16 17 18 19 20 1 2 3 4 5 6 7 8 9 10 11 12 13 14 15
17 18 19 20 1 2 3 4 5 6 7 8 9 10 11 12 13 14 15 16
18 19 20 1 2 3 4 5 6 7 8 9 10 11 12 13 14 15 16 17
19 20 1 2 3 4 5 6 7 8 9 10 11 12 13 14 15 16 17 18
20 1 2 3 4 5 6 7 8 9 10 11 12 13 14 15 16 17 18 19
1 2 3 4 5 6 7 8 9 10 11 12 13 14 15 16 17 18 19 20
2 3 4 5 6 7 8 9 10 11 12 13 14 15 16 17 18 19 20 1
3 4 5 6 7 8 9 10 11 12 13 14 15 16 17 18 19 20 1 2
4 5 6 7 8 9 10 11 12 13 14 15 16 17 18 19 20 1 2 3
5 6 7 8 9 10 11 12 13 14 15 16 17 18 19 20 1 2 3 4
6 7 8 9 10 11 12 13 14 15 16 17 18 19 20 1 2 3 4 5
7 8 9 10 11 12 13 14 15 16 17 18 19 20 1 2 3 4 5 6
8 9 10 11 12 13 14 15 16 17 18 19 20 1 2 3 4 5 6 7
9 10 11 12 13 14 15 16 17 18 19 20 1 2 3 4 5 6 7 8
10 11 12 13 14 15 16 17 18 19 20 1 2 3 4 5 6 7 8 9
11 12 13 14 15 16 17 18 19 20 1 2 3 4 5 6 7 8 9 10
12 13 14 15 16 17 18 19 20 1 2 3 4 5 6 7 8 9 10 11
13 14 15 16 17 18 19 20 1 2 3 4 5 6 7 8 9 10 11 12
14 15 16 17 18 19 20 1 2 3 4 5 6 7 8 9 10 11 12 13
15 16 17 18 19 20 1 2 3 4 5 6 7 8 9 10 11 12 13 14
16 17 18 19 20 1 2 3 4 5 6 7 8 9 10 11 12 13 14 15
17 18 19 20 1 2 3 4 5 6 7 8 9 10 11 12 13 14 15 16
18 19 20 1 2 3 4 5 6 7 8 9 10 11 12 13 14 15 16 17
19 20 1 2 3 4 5 6 7 8 9 10 11 12 13 14 15 16 17 18
20 1 2 3 4 5 6 7 8 9 10 11 12 13 14 15 16 17 18 19
1 2 3 4 5 6 7 8 9 10 11 12 13 14 15 16 17 18 19 20
2 3 4 5 6 7 8 9 10 11 12 13 14 15 16 17 18 19 20 1
3 4 5 6 7 8 9 10 11 12 13 14 15 16 17 18 19 20 1 2
4 5 6 7 8 9 10 11 12 13 14 15 16 17 18 19 20 1 2 3
5 6 7 8 9 10 11 12 13 14 15 16 17 18 19 20 1 2 3 4
6 7 8 9 10 11 12 13 14 15 16 17 18 19 20 1 2 3 4 5
7 8 9 10 11 12 13 14 15 16 17 18 19 20 1 2 3 4 5 6
8 9 10 11 12 13 14 15 16 17 18 19 20 1 2 3 4 5 6 7
9 10 11 12 13 14 15 16 17 18 19 20 1 2 3 4 5 6 7 8
10 11 12 13 14 15 16 17 18 19 20 1 2 3 4 5 6 7 8 9
11 12 13 14 15 16 17 18 19 20 1 2 3 4 5 6 7 8 9 10
12 13 14 15 16 17 18 19 20 1 2 3 4 5 6 7 8 9 10 11
13 14 15 16 17 18 19 20 1 2 3 4 5 6 7 8 9 10 11 12
14 15 16 17 18 19 20 1 2 3 4 5 6 7 8 9 10 11 12 13
15 16 17 18 19 20 1 2 3 4 5 6 7 8 9 10 11 12 13 14
16 17 18 19 20 1 2 3 4 5 6 7 8 9 10 11 12 13 14 15
17 18 19 20 1 2 3 4 5 6 7 8 9 10 11 12 13 14 15 16
18 19 20 1 2 3 4 5 6 7 8 9 10 11 12 13 14 15 16 17
19 20 1 2 3 4 5 6 7 8 9 10 11 12 13 14 15 16 17 18
20 1 2 3 4 5 6 7 8 9 10 11 12 13 14 15 16 17 18 19
1 2 3 4 5 6 7 8 9 10 11 12 13 14 15 16 17 18 19 20
2 3 4 5 6 7 8 9 10 11 12 13 14 15 16 17 18 19 20 1
3 4 5 6 7 8 9 10 11 12 13 14 15 16 17 18 19 20 1 2
4 5 6 7 8 9 10 11 12 13 14 15 16 17 18 19 20 1 2 3
5 6 7 8 9 10 11 12 13 14 15 16 17 18 19 20 1 2 3 4
6 7 8 9 10 11 12 13 14 15 16 17 18 19 20 1 2 3 4 5
7 8 9 10 11 12 13 14 15 16 17 18 19 20 1 2 3 4 5 6
8 9 10 11 12 13 14 15 16 17 18 19 20 1 2 3 4 5 6 7
9 10 11 12 13 14 15 16 17 18 19 20 1 2 3 4 5 6 7 8
10 11 12 13 14 15 16 17 18 19 20 1 2 3 4 5 6 7 8 9
11 12 13 14 15 16 17 18 19 20 1 2 3 4 5 6 7 8 9 10
12 13 14 15 16 17 18 19 20 1 2 3 4 5 6 7 8 9 10 11
13 14 15 16 17 18 19 20 1 2 3 4 5 6 7 8 9 10 11 12
14 15 16 17 18 19 20 1 2 3 4 5 6 7 8 9 10 11 12 13
15 16 17 18 19 20 1 2 3 4 5 6 7 8 9 10 11 12 13 14
16 17 18 19 20 1 2 3 4 5 6 7 8 9 10 11 12 13 14 15
17 18 19 20 1 2 3 4 5 6 7 8 9 10 11 12 13 14 15 16
18 19 20 1 2 3 4 5 6 7 8 9 10 11 12 13 14 15 16 17
19 20 1 2 3 4 5 6 7 8 9 10 11 12 13 14 15 16 17 18
20 1 2 3 4 5 6 7 8 9 10 11 12 13 14 15 16 17 18 19
1 2 3 4 5 6 7 8 9 10 11 12 13 14 15 16 17 18 19 20
2 3 4 5 6 7 8 9 10 11 12 13 14 15 16 17 18 19 20 1
3 4 5 6 7 8 9 10 11 12 13 14 15 16 17 18 19 20 1 2
4 5 6 7 8 9 10 11 12 13 14 15 16 17 18 19 20 1 2 3
5 6 7 8 9 10 11 12 13 14 15 16 17 18 19 20 1 2 3 4
6 7 8 9 10 11 12 13 14 15 16 17 18 19 20 1 2 3 4 5
7 8 9 10 11 12 13 14 15 16 17 18 19 20 1 2 3 4 5 6
8 9 10 11 12 13 14 15 16 17 18 19 20 1 2 3 4 5 6 7
9 10 11 12 13 14 15 16 17 18 19 20 1 2 3 4 5 6 7 8
10 11 12 13 14 15 16 17 18 19 20 1 2 3 4 5 6 7 8 9
11 12 13 14 15 16 17 18 19 20 1 2 3 4 5 6 7 8 9 10
12 13 14 15 16 17 18 19 20 1 2 3 4 5 6 7 8 9 10 11
13 14 15 16 17 18 19 20 1 2 3 4 5 6 7 8 9 10 11 12
14 15 16 17 18 19 20 1 2 3 4 5 6 7 8 9 10 11 12 13
15 16 17 18 19 20 1 2 3 4 5 6 7 8 9 10 11 12 13 14
16 17 18 19 20 1 2 3 4 5 6 7 8 9 10 11 12 13 14 15
17 18 19 20 1 2 3 4 5 6 7 8 9 10 11 12 13 14 15 16
18 19 20 1 2 3 4 5 6 7 8 9 10 11 12 13 14 15 16 17
19 20 1 2 3 4 5 6 7 8 9 10 11 12 13 14 15 16 17 18
20 1 2 3 4 5 6 7 8 9 10 11 12 13 14 15 16 17 18 19
1 2 3 4 5 6 7 8 9 10 11 12 13 14 15 16 17 18 19 20
2 3 4 5 6 7 8 9 10 11 12 13 14 15 16 17 18 19 20 1
3 4 5 6 7 8 9 10 11 12 13 14 15 16 17 18 19 20 1 2
4 5 6 7 8 9 10 11 12 13 14 15 16 17 18 19 20 1 2 3
5 6 7 8 9 10 11 12 13 14 15 16 17 18 19 20 1 2 3 4
6 7 8 9 10 11 12 13 14 15 16 17 18 19 20 1 2 3 4 5
7 8 9 10 11 12 13 14 15 16 17 18 19 20 1 2 3 4 5 6
8 9 10 11 12 13 14 15 16 17 18 19 20 1 2 3 4 5 6 7
9 10 11 12 13 14 15 16 17 18 19 20 1 2 3 4 5 6 7 8
10 11 12 13 14 15 16 17 18 19 20 1 2 3 4 5 6 7 8 9
11 12 13 14 15 16 17 18 19 20 1 2 3 4 5 6 7 8 9 10
12 13 14 15 16 17 18 19 20 1 2 3 4 5 6 7 8 9 10 11
13 14 15 16 17 18 19 20 1 2 3 4 5 6 7 8 9 10 11 12
14 15 16 17 18 19 20 1 2 3 4 5 6 7 8 9 10 11 12 13
15 16 17 18 19 20 1 2 3 4 5 6 7 8 9 10 11 12 13 14
16 17 18 19 20 1 2 3 4 5 6 7 8 9 10 11 12 13 14 15
17 18 19 20 1 2 3 4 5 6 7 8 9 10 11 12 13 14 15 16
18 19 20 1 2 3 4 5 6 7 8 9 10 11 12 13 14 15 16 17
19 20 1 2 3 4 5 6 7 8 9 10 11 12 13 14 15 16 17 18
20 1 2 3 4 5 6 7 8 9 10 11 12 13 14 15 16 17 18 19
1 2 3 4 5 6 7 8 9 10 11 12 13 14 15 16 17 18 19 20
2 3 4 5 6 7 8 9 10 11 12 13 14 15 16 17 18 19 20 1
3 4 5 6 7 8 9 10 11 12 13 14 15 16 17 18 19 20 1 2
4 5 6 7 8 9 10 11 12 13 14 15 16 17 18 19 20 1 2 3
5 6 7 8 9 10 11 12 13 14 15 16 17 18 19 20 1 2 3 4
6 7 8 9 10 11 12 13 14 15 16 17 18 19 20 1 2 3 4 5
7 8 9 10 11 12 13 14 15 16 17 18 19 20 1 2 3 4 5 6
8 9 10 11 12 13 14 15 16 17 18 19 20 1 2 3 4 5 6 7
9 10 11 12 13 14 15 16 17 18 19 20 1 2 3 4 5 6 7 8
10 11 12 13 14 15 16 17 18 19 20 1 2 3 4 5 6 7 8 9
11 12 13 14 15 16 17 18 19 20 1 2 3 4 5 6 7 8 9 10
12 13 14 15 16 17 18 19 20 1 2 3 4 5 6 7 8 9 10 11
13 14 15 16 17 18 19 20 1 2 3 4 5 6 7 8 9 10 11 12
14 15 16 17 18 19 20 1 2 3 4 5 6 7 8 9 10 11 12 13
15 16 17 18 19 20 1 2 3 4 5 6 7 8 9 10 11 12 13 14
16 17 18 19 20 1 2 3 4 5 6 7 8 9 10 11 12 13 14 15
17 18 19 20 1 2 3 4 5 6 7 8 9 10 11 12 13 14 15 16
18 19 20 1 2 3 4 5 6 7 8 9 10 11 12 13 14 15 16 17
19 20 1 2 3 4 5 6 7 8 9 10 11 12 13 14 15 16 17 18
20 1 2 3 4 5 6 7 8 9 10 11 12 13 14 15 16 17 18 19
1 2 3 4 5 6 7 8 9 10 11 12 13 14 15 16 17 18 19 20
2 3 4 5 6 7 8 9 10 11 12 13 14 15 16 17 18 19 20 1
3 4 5 6 7 8 9 10 11 12 13 14 15 16 17 18 19 20 1 2
4 5 6 7 8 9 10 11 12 13 14 15 16 17 18 19 20 1 2 3
5 6 7 8 9 10 11 12 13 14 15 16 17 18 19 20 1 2 3 4
6 7 8 9 10 11 12 13 14 15 16 17 18 19 20 1 2 3 4 5
7 8 9 10 11 12 13 14 15 16 17 18 19 20 1 2 3 4 5 6
8 9 10 11 12 13 14 15 16 17 18 19 20 1 2 3 4 5 6 7
9 10 11 12 13 14 15 16 17 18 19 20 1 2 3 4 5 6 7 8
10 11 12 13 14 15 16 17 18 19 20 1 2 3 4 5 6 7 8 9
11 12 13 14 15 16 17 18 19 20 1 2 3 4 5 6 7 8 9 10
12 13 14 15 16 17 18 19 20 1 2 3 4 5 6 7 8 9 10 11
13 14 15 16 17 18 19 20 1 2 3 4 5 6 7 8 9 10 11 12
14 15 16 17 18 19 20 1 2 3 4 5 6 7 8 9 10 11 12 13
15 16 17 18 19 20 1 2 3 4 5 6 7 8 9 10 11 12 13 14
16 17 18 19 20 1 2 3 4 5 6 7 8 9 10 11 12 13 14 15
17 18 19 20 1 2 3 4 5 6 7 8 9 10 11 12 13 14 15 16
18 19 20 1 2 3 4 5 6 7 8 9 10 11 12 13 14 15 16 17
19 20 1 2 3 4 5 6 7 8 9 10 11 12 13 14 15 16 17 18
20 1 2 3 4 5 6 7 8 9 10 11 12 13 14 15 16 17 18 19
1 2 3 4 5 6 7 8 9 10 11 12 13 14 15 16 17 18 19 20
2 3 4 5 6 7 8 9 10 11 12 13 14 15 16 17 18 19 20 1
3 4 5 6 7 8 9 10 11 12 13 14 15 16 17 18 19 20 1 2
4 5 6 7 8 9 10 11 12 13 14 15 16 17 18 19 20 1 2 3
5 6 7 8 9 10 11 12 13 14 15 16 17 18 19 20 1 2 3 4
6 7 8 9 10 11 12 13 14 15 16 17 18 19 20 1 2 3 4 5
7 8 9 10 11 12 13 14 15 16 17 18 19 20 1 2 3 4 5 6
8 9 10 11 12 13 14 15 16 17 18 19 20 1 2 3 4 5 6 7
9 10 11 12 13 14 15 16 17 18 19 20 1 2 3 4 5 6 7 8
10 11 12 13 14 15 16 17 18 19 20 1 2 3 4 5 6 7 8 9
11 12 13 14 15 16 17 18 19 20 1 2 3 4 5 6 7 8 9 10
12 13 14 15 16 17 18 19 20 1 2 3 4 5 6 7 8 9 10 11
13 14 15 16 17 18 19 20 1 2 3 4 5 6 7 8 9 10 11 12
14 15 16 17 18 19 20 1 2 3 4 5 6 7 8 9 10 11 12 13
15 16 17 18 19 20 1 2 3 4 5 6 7 8 9 10 11 12 13 14
16 17 18 19 20 1 2 3 4 5 6 7 8 9 10 11 12 13 14 15
17 18 19 20 1 2 3 4 5 6 7 8 9 10 11 12 13 14 15 16
18 19 20 1 2 3 4 5 6 7 8 9 10 11 12 13 14 15 16 17
19 20 1 2 3 4 5 6 7 8 9 10 11 12 13 14 15 16 17 18
20 1 2 3 4 5 6 7 8 9 10 11 12 13 14 15 16 17 18 19
1 2 3 4 5 6 7 8 9 10 11 12 13 14 15 16 17 18 19 20
2 3 4 5 6 7 8 9 10 11 12 13 14 15 16 17 18 19 20 1
3 4 5 6 7 8 9 10 11 12 13 14 15 16 17 18 19 20 1 2
4 5 6 7 8 9 10 11 12 13 14 15 16 17 18 19 20 1 2 3
5 6 7 8 9 10 11 12 13 14 15 16 17 18 19 20 1 2 3 4
6 7 8 9 10 11 12 13 14 15 16 17 18 19 20 1 2 3 4 5
7 8 9 10 11 12 13 14 15 16 17 18 19 20 1 2 3 4 5 6
8 9 10 11 12 13 14 15 16 17 18 19 20 1 2 3 4 5 6 7
9 10 11 12 13 14 15 16 17 18 19 20 1 2 3 4 5 6 7 8
10 11 12 13 14 15 16 17 18 19 20 1 2 3 4 5 6 7 8 9
11 12 13 14 15 16 17 18 19 20 1 2 3 4 5 6 7 8 9 10
12 13 14 15 16 17 18 19 20 1 2 3 4 5 6 7 8 9 10 11
13 14 15 16 17 18 19 20 1 2 3 4 5 6 7 8 9 10 11 12
14 15 16 17 18 19 20 1 2 3 4 5 6 7 8 9 10 11 12 13
15 16 17 18 19 20 1 2 3 4 5 6 7 8 9 10 11 12 13 14
16 17 18 19 20 1 2 3 4 5 6 7 8 9 10 11 12 13 14 15
17 18 19 20 1 2 3 4 5 6 7 8 9 10 11 12 13 14 15 16
18 19 20 1 2 3 4 5 6 7 8 9 10 11 12 13 14 15 16 17
19 20 1 2 3 4 5 6 7 8 9 10 11 12 13 14 15 16 17 18
20 1 2 3 4 5 6 7 8 9 10 11 12 13 14 15 16 17 18 19
1 2 3 4 5 6 7 8 9 10 11 12 13 14 15 16 17 18 19 20
2 3 4 5 6 7 8 9 10 11 12 13 14 15 16 17 18 19 20 1
3 4 5 6 7 8 9 10 11 12 13 14 15 16 17 18 19 20 1 2
4 5 6 7 8 9 10 11 12 13 14 15 16 17 18 19 20 1 2 3
5 6 7 8 9 10 11 12 13 14 15 16 17 18 19 20 1 2 3 4
6 7 8 9 10 11 12 13 14 15 16 17 18 19 20 1 2 3 4 5
7 8 9 10 11 12 13 14 15 16 17 18 19 20 1 2 3 4 5 6
8 9 10 11 12 13 14 15 16 17 18 19 20 1 2 3 4 5 6 7
9 10 11 12 13 14 15 16 17 18 19 20 1 2 3 4 5 6 7 8
10 11 12 13 14 15 16 17 18 19 20 1 2 3 4 5 6 7 8 9
11 12 13 14 15 16 17 18 19 20 1 2 3 4 5 6 7 8 9 10
12 13 14 15 16 17 18 19 20 1 2 3 4 5 6 7 8 9 10 11
13 14 15 16 17 18 19 20 1 2 3 4 5 6 7 8 9 10 11 12
14 15 16 17 18 19 20 1 2 3 4 5 6 7 8 9 10 11 12 13
15 16 17 18 19 20 1 2 3 4 5 6 7 8 9 10 11 12 13 14
16 17 18 19 20 1 2 3 4 5 6 7 8 9 10 11 12 13 14 15
17 18 19 20 1 2 3 4 5 6 7 8 9 10 11 12 13 14 15 16
18 19 20 1 2 3 4 5 6 7 8 9 10 11 12 13 14 15 16 17
19 20 1 2 3 4 5 6 7 8 9 10 11 12 13 14 15 16 17 18
20 1 2 3 4 5 6 7 8 9 10 11 12 13 14 15 16 17 18 19
20 1 2 3 4 5 6 7 8 9 10 11 12 13 14 15 16 17 18 19
20 1 2 3 4 5 6 7 8 9 10 11 12 13 14 15 16 17 18 19
20 1 2 3 4 5 6 7 8 9 10 11 12 13 14 15 16 17 18 19
20 1 2 3 4 5 6 7 8 9 10 11 12 13 14 15 16 17 18 19
20 1 2 3 4 5 6 7 8 9 10 11 12 13 14 15 16 17 18 19
20 1 2 3 4 5 6 7 8 9 10 11 12 13 14 15 16 17 18 19
20 1 2 3 4 5 6 7 8 9 10 11 12 13 14 15 16 17 18 19
20 1 2 3 4 5 6 7 8 9 10 11 12 13 14 15 16 17 18 19

5
John
Sally
Jason
Lisa
Marie
5 1 2 3 4
3 4 5 1 2
4 5 1 2 3
2 3 4 5 1
5 1 2 3 4
2 3 4 5 1
3 4 5 1 2
4 5 1 2 3
1 2 3 4 5
3 4 5 1 2
4 5 1 2 3
4 5 1 2 3
2 3 4 5 1
1 2 3 4 5
5 1 2 3 4
3 4 5 1 2
2 3 4 5 1
3 4 5 1 2
4 5 1 2 3
3 4 5 1 2
3 4 5 1 2
5 1 2 3 4
4 5 1 2 3
1 2 3 4 5
4 5 1 2 3
2 3 4 5 1
4 5 1 2 3
5 1 2 3 4
4 5 1 2 3
2 3 4 5 1
1 2 3 4 5
4 5 1 2 3
4 5 1 2 3
5 1 2 3 4
1 2 3 4 5
4 5 1 2 3
5 1 2 3 4
3 4 5 1 2
3 4 5 1 2
4 5 1 2 3
1 2 3 4 5
5 1 2 3 4
3 4 5 1 2
1 2 3 4 5
1 2 3 4 5
4 5 1 2 3
5 1 2 3 4
1 2 3 4 5
2 3 4 5 1
2 3 4 5 1
5 1 2 3 4
3 4 5 1 2
3 4 5 1 2
2 3 4 5 1
3 4 5 1 2
5 1 2 3 4
4 5 1 2 3
2 3 4 5 1
3 4 5 1 2
3 4 5 1 2
2 3 4 5 1
2 3 4 5 1
1 2 3 4 5
4 5 1 2 3
3 4 5 1 2
2 3 4 5 1
3 4 5 1 2
1 2 3 4 5
5 1 2 3 4
4 5 1 2 3
1 2 3 4 5
2 3 4 5 1
4 5 1 2 3
2 3 4 5 1
1 2 3 4 5
4 5 1 2 3
1 2 3 4 5
1 2 3 4 5
5 1 2 3 4
2 3 4 5 1
4 5 1 2 3
5 1 2 3 4
3 4 5 1 2
5 1 2 3 4
5 1 2 3 4
1 2 3 4 5
5 1 2 3 4
3 4 5 1 2
1 2 3 4 5
1 2 3 4 5
4 5 1 2 3
2 3 4 5 1
3 4 5 1 2
5 1 2 3 4
1 2 3 4 5
4 5 1 2 3
3 4 5 1 2
3 4 5 1 2
1 2 3 4 5
1 2 3 4 5
2 3 4 5 1
2 3 4 5 1
1 2 3 4 5
5 1 2 3 4
4 5 1 2 3
3 4 5 1 2
4 5 1 2 3
4 5 1 2 3
4 5 1 2 3
4 5 1 2 3
4 5 1 2 3
3 4 5 1 2
3 4 5 1 2
2 3 4 5 1
3 4 5 1 2
3 4 5 1 2
2 3 4 5 1
1 2 3 4 5
1 2 3 4 5
1 2 3 4 5
2 3 4 5 1
1 2 3 4 5
3 4 5 1 2
4 5 1 2 3
4 5 1 2 3
3 4 5 1 2
3 4 5 1 2
2 3 4 5 1
1 2 3 4 5
4 5 1 2 3
4 5 1 2 3
3 4 5 1 2
4 5 1 2 3
5 1 2 3 4
3 4 5 1 2
2 3 4 5 1
3 4 5 1 2
5 1 2 3 4
1 2 3 4 5
1 2 3 4 5
5 1 2 3 4
3 4 5 1 2
4 5 1 2 3
1 2 3 4 5
5 1 2 3 4
1 2 3 4 5
2 3 4 5 1
5 1 2 3 4
5 1 2 3 4
2 3 4 5 1
2 3 4 5 1
1 2 3 4 5
3 4 5 1 2
5 1 2 3 4
5 1 2 3 4
2 3 4 5 1
3 4 5 1 2
3 4 5 1 2
3 4 5 1 2
2 3 4 5 1
1 2 3 4 5
5 1 2 3 4
1 2 3 4 5
5 1 2 3 4
3 4 5 1 2
2 3 4 5 1
5 1 2 3 4
2 3 4 5 1
1 2 3 4 5
1 2 3 4 5
1 2 3 4 5
1 2 3 4 5
4 5 1 2 3
3 4 5 1 2
5 1 2 3 4
3 4 5 1 2
4 5 1 2 3
2 3 4 5 1
1 2 3 4 5
3 4 5 1 2
4 5 1 2 3
3 4 5 1 2
4 5 1 2 3
5 1 2 3 4
2 3 4 5 1
4 5 1 2 3
1 2 3 4 5
3 4 5 1 2
5 1 2 3 4
2 3 4 5 1
1 2 3 4 5
4 5 1 2 3
2 3 4 5 1
5 1 2 3 4
5 1 2 3 4
5 1 2 3 4
5 1 2 3 4
3 4 5 1 2
5 1 2 3 4
1 2 3 4 5
3 4 5 1 2
1 2 3 4 5
5 1 2 3 4
5 1 2 3 4
5 1 2 3 4
5 1 2 3 4
3 4 5 1 2
2 3 4 5 1
1 2 3 4 5
5 1 2 3 4
5 1 2 3 4
5 1 2 3 4
1 2 3 4 5
4 5 1 2 3
4 5 1 2 3
3 4 5 1 2
1 2 3 4 5
5 1 2 3 4
2 3 4 5 1
5 1 2 3 4
2 3 4 5 1
1 2 3 4 5
4 5 1 2 3
2 3 4 5 1
1 2 3 4 5
2 3 4 5 1
2 3 4 5 1
1 2 3 4 5
1 2 3 4 5
3 4 5 1 2
1 2 3 4 5
4 5 1 2 3
4 5 1 2 3
1 2 3 4 5
4 5 1 2 3
4 5 1 2 3
2 3 4 5 1
1 2 3 4 5
5 1 2 3 4
3 4 5 1 2
4 5 1 2 3
5 1 2 3 4
1 2 3 4 5
5 1 2 3 4
3 4 5 1 2
5 1 2 3 4
2 3 4 5 1
4 5 1 2 3
3 4 5 1 2
2 3 4 5 1

8
Lucy
Bob
Liger
Thugger
Bruce
Lee
Karate
Kid
1 2 3 4 5 6 7 8
8 1 2 3 4 5 6 7
3 4 5 6 7 8 1 2
5 6 7 8 1 2 3 4
3 4 5 6 7 8 1 2
1 2 3 4 5 6 7 8
4 5 6 7 8 1 2 3
6 7 8 1 2 3 4 5
3 4 5 6 7 8 1 2
7 8 1 2 3 4 5 6
4 5 6 7 8 1 2 3
5 6 7 8 1 2 3 4
4 5 6 7 8 1 2 3
5 6 7 8 1 2 3 4
5 6 7 8 1 2 3 4
8 1 2 3 4 5 6 7
6 7 8 1 2 3 4 5
4 5 6 7 8 1 2 3
6 7 8 1 2 3 4 5
2 3 4 5 6 7 8 1
5 6 7 8 1 2 3 4
2 3 4 5 6 7 8 1
1 2 3 4 5 6 7 8
7 8 1 2 3 4 5 6
8 1 2 3 4 5 6 7
4 5 6 7 8 1 2 3
8 1 2 3 4 5 6 7
5 6 7 8 1 2 3 4
5 6 7 8 1 2 3 4
1 2 3 4 5 6 7 8
3 4 5 6 7 8 1 2
4 5 6 7 8 1 2 3
8 1 2 3 4 5 6 7
4 5 6 7 8 1 2 3
7 8 1 2 3 4 5 6
1 2 3 4 5 6 7 8
3 4 5 6 7 8 1 2
2 3 4 5 6 7 8 1
5 6 7 8 1 2 3 4
4 5 6 7 8 1 2 3
7 8 1 2 3 4 5 6
7 8 1 2 3 4 5 6
7 8 1 2 3 4 5 6
1 2 3 4 5 6 7 8
2 3 4 5 6 7 8 1
3 4 5 6 7 8 1 2
8 1 2 3 4 5 6 7
6 7 8 1 2 3 4 5
5 6 7 8 1 2 3 4
4 5 6 7 8 1 2 3
7 8 1 2 3 4 5 6
8 1 2 3 4 5 6 7
5 6 7 8 1 2 3 4
6 7 8 1 2 3 4 5
6 7 8 1 2 3 4 5
3 4 5 6 7 8 1 2
8 1 2 3 4 5 6 7
4 5 6 7 8 1 2 3
6 7 8 1 2 3 4 5
3 4 5 6 7 8 1 2
3 4 5 6 7 8 1 2
7 8 1 2 3 4 5 6
6 7 8 1 2 3 4 5
1 2 3 4 5 6 7 8
2 3 4 5 6 7 8 1
3 4 5 6 7 8 1 2
8 1 2 3 4 5 6 7
3 4 5 6 7 8 1 2
3 4 5 6 7 8 1 2
3 4 5 6 7 8 1 2
6 7 8 1 2 3 4 5
1 2 3 4 5 6 7 8
8 1 2 3 4 5 6 7
3 4 5 6 7 8 1 2
8 1 2 3 4 5 6 7
1 2 3 4 5 6 7 8
4 5 6 7 8 1 2 3
6 7 8 1 2 3 4 5
5 6 7 8 1 2 3 4
8 1 2 3 4 5 6 7
1 2 3 4 5 6 7 8
2 3 4 5 6 7 8 1
6 7 8 1 2 3 4 5
4 5 6 7 8 1 2 3
6 7 8 1 2 3 4 5
2 3 4 5 6 7 8 1
5 6 7 8 1 2 3 4
5 6 7 8 1 2 3 4
4 5 6 7 8 1 2 3
1 2 3 4 5 6 7 8
6 7 8 1 2 3 4 5
6 7 8 1 2 3 4 5
6 7 8 1 2 3 4 5
2 3 4 5 6 7 8 1
5 6 7 8 1 2 3 4
6 7 8 1 2 3 4 5
4 5 6 7 8 1 2 3
4 5 6 7 8 1 2 3
8 1 2 3 4 5 6 7
5 6 7 8 1 2 3 4
5 6 7 8 1 2 3 4
4 5 6 7 8 1 2 3
4 5 6 7 8 1 2 3
4 5 6 7 8 1 2 3
5 6 7 8 1 2 3 4
3 4 5 6 7 8 1 2
3 4 5 6 7 8 1 2
8 1 2 3 4 5 6 7
7 8 1 2 3 4 5 6
6 7 8 1 2 3 4 5
6 7 8 1 2 3 4 5
6 7 8 1 2 3 4 5
7 8 1 2 3 4 5 6
2 3 4 5 6 7 8 1
8 1 2 3 4 5 6 7
3 4 5 6 7 8 1 2
3 4 5 6 7 8 1 2
3 4 5 6 7 8 1 2
6 7 8 1 2 3 4 5
5 6 7 8 1 2 3 4
2 3 4 5 6 7 8 1
3 4 5 6 7 8 1 2
1 2 3 4 5 6 7 8
7 8 1 2 3 4 5 6
3 4 5 6 7 8 1 2
5 6 7 8 1 2 3 4
3 4 5 6 7 8 1 2
5 6 7 8 1 2 3 4
7 8 1 2 3 4 5 6
1 2 3 4 5 6 7 8
1 2 3 4 5 6 7 8
2 3 4 5 6 7 8 1
3 4 5 6 7 8 1 2
3 4 5 6 7 8 1 2
4 5 6 7 8 1 2 3
7 8 1 2 3 4 5 6
4 5 6 7 8 1 2 3
5 6 7 8 1 2 3 4
5 6 7 8 1 2 3 4
2 3 4 5 6 7 8 1
2 3 4 5 6 7 8 1
1 2 3 4 5 6 7 8
6 7 8 1 2 3 4 5
7 8 1 2 3 4 5 6
1 2 3 4 5 6 7 8
5 6 7 8 1 2 3 4
8 1 2 3 4 5 6 7
2 3 4 5 6 7 8 1
6 7 8 1 2 3 4 5
5 6 7 8 1 2 3 4

10
laura
haley
jean
jacques
king henry iv
allan
teddy roosevelt
abe
jfk
bill o'reilly
1 2 3 4 5 6 7 8 9 10
2 3 4 5 6 7 8 9 10 1
3 4 5 6 7 8 9 10 1 2
4 5 6 7 8 9 10 1 2 3
5 6 7 8 9 10 1 2 3 4
6 7 8 9 10 1 2 3 4 5
7 8 9 10 1 2 3 4 5 6
8 9 10 1 2 3 4 5 6 7
9 10 1 2 3 4 5 6 7 8
10 1 2 3 4 5 6 7 8 9
1 2 3 4 5 6 7 8 9 10
2 3 4 5 6 7 8 9 10 1
3 4 5 6 7 8 9 10 1 2
4 5 6 7 8 9 10 1 2 3
5 6 7 8 9 10 1 2 3 4
6 7 8 9 10 1 2 3 4 5
7 8 9 10 1 2 3 4 5 6
8 9 10 1 2 3 4 5 6 7
9 10 1 2 3 4 5 6 7 8
10 1 2 3 4 5 6 7 8 9
1 2 3 4 5 6 7 8 9 10
2 3 4 5 6 7 8 9 10 1
3 4 5 6 7 8 9 10 1 2
4 5 6 7 8 9 10 1 2 3
5 6 7 8 9 10 1 2 3 4
6 7 8 9 10 1 2 3 4 5
7 8 9 10 1 2 3 4 5 6
8 9 10 1 2 3 4 5 6 7
9 10 1 2 3 4 5 6 7 8
10 1 2 3 4 5 6 7 8 9
1 2 3 4 5 6 7 8 9 10
2 3 4 5 6 7 8 9 10 1
3 4 5 6 7 8 9 10 1 2
4 5 6 7 8 9 10 1 2 3
5 6 7 8 9 10 1 2 3 4
6 7 8 9 10 1 2 3 4 5
7 8 9 10 1 2 3 4 5 6
8 9 10 1 2 3 4 5 6 7
9 10 1 2 3 4 5 6 7 8
10 1 2 3 4 5 6 7 8 9

10
laura
haley
jean
jacques
king henry iv
allan
teddy roosevelt
abe
jfk
bill o'reilly
1 2 3 4 5 6 7 8 9 10
2 3 4 5 6 7 8 9 10 1
3 4 5 6 7 8 9 10 1 2
4 5 6 7 8 9 10 1 2 3
5 6 7 8 9 10 1 2 3 4
6 7 8 9 10 1 2 3 4 5
7 8 9 10 1 2 3 4 5 6
8 9 10 1 2 3 4 5 6 7
9 10 1 2 3 4 5 6 7 8
10 1 2 3 4 5 6 7 8 9
1 2 3 4 5 6 7 8 9 10
2 3 4 5 6 7 8 9 10 1
3 4 5 6 7 8 9 10 1 2
4 5 6 7 8 9 10 1 2 3
5 6 7 8 9 10 1 2 3 4
6 7 8 9 10 1 2 3 4 5
7 8 9 10 1 2 3 4 5 6
8 9 10 1 2 3 4 5 6 7
9 10 1 2 3 4 5 6 7 8
10 1 2 3 4 5 6 7 8 9
1 2 3 4 5 6 7 8 9 10
2 3 4 5 6 7 8 9 10 1
3 4 5 6 7 8 9 10 1 2
9 10 1 2 3 4 5 6 7 8
10 1 2 3 4 5 6 7 8 9
2 3 4 5 6 7 8 9 10 1
3 4 5 6 7 8 9 10 1 2
1 2 3 4 5 6 7 8 9 10
2 3 4 5 6 7 8 9 10 1
3 4 5 6 7 8 9 10 1 2
3 4 5 6 7 8 9 10 1 2
4 5 6 7 8 9 10 1 2 3
5 6 7 8 9 10 1 2 3 4
6 7 8 9 10 1 2 3 4 5
7 8 9 10 1 2 3 4 5 6