6

4
John Doe should win
Jane Smith
Sirhan Sirhan
John Johnson
1 2 3 4
2 1 3 4
2 3 1 4
1 2 3 4
3 1 2 4

1
Dictator should win
1

1
Still the dictator should win
1
1
1
1
1
1
1
1
1
1
1

20
a should win
b should win
c should win
d should win
e should win
f should win
g should win
h should win
i should win
j should win
k should win
l should win
m should win
n should win
o should win
p should win
q should win
r should win
s should win
t should win
1 2 3 4 5 6 7 8 9 10 11 12 13 14 15 16 17 18 19 20
2 3 4 5 6 7 8 9 10 11 12 13 14 15 16 17 18 19 20 1
3 4 5 6 7 8 9 10 11 12 13 14 15 16 17 18 19 20 1 2
4 5 6 7 8 9 10 11 12 13 14 15 16 17 18 19 20 1 2 3
5 6 7 8 9 10 11 12 13 14 15 16 17 18 19 20 1 2 3 4
6 7 8 9 10 11 12 13 14 15 16 17 18 19 20 1 2 3 4 5
7 8 9 10 11 12 13 14 15 16 17 18 19 20 1 2 3 4 5 6
8 9 10 11 12 13 14 15 16 17 18 19 20 1 2 3 4 5 6 7
9 10 11 12 13 14 15 16 17 18 19 20 1 2 3 4 5 6 7 8
10 11 12 13 14 15 16 17 18 19 20 1 2 3 4 5 6 7 8 9
11 12 13 14 15 16 17 18 19 20 1 2 3 4 5 6 7 8 9 10
12 13 14 15 16 17 18 19 20 1 2 3 4 5 6 7 8 9 10 11
13 14 15 16 17 18 19 20 1 2 3 4 5 6 7 8 9 10 11 12
14 15 16 17 18 19 20 1 2 3 4 5 6 7 8 9 10 11 12 13
15 16 17 18 19 20 1 2 3 4 5 6 7 8 9 10 11 12 13 14
16 17 18 19 20 1 2 3 4 5 6 7 8 9 10 11 12 13 14 15
17 18 19 20 1 2 3 4 5 6 7 8 9 10 11 12 13 14 15 16
18 19 20 1 2 3 4 5 6 7 8 9 10 11 12 13 14 15 16 17
19 20 1 2 3 4 5 6 7 8 9 10 11 12 13 14 15 16 17 18
20 1 2 3 4 5 6 7 8 9 10 11 12 13 14 15 16 17 18 19
1 2 3 4 5 6 7 8 9 10 11 12 13 14 15 16 17 18 19 20
2 3 4 5 6 7 8 9 10 11 12 13 14 15 16 17 18 19 20 1
3 4 5 6 7 8 9 10 11 12 13 14 15 16 17 18 19 20 1 2
4 5 6 7 8 9 10 11 12 13 14 15 16 17 18 19 20 1 2 3
5 6 7 8 9 10 11 12 13 14 15 16 17 18 19 20 1 2 3 4
6 7 8 9 10 11 12 13 14 15 16 17 18 19 20 1 2 3 4 5
7 8 9 10 11 12 13 14 15 16 17 18 19 20 1 2 3 4 5 6
8 9 10 11 12 13 14 15 16 17 18 19 20 1 2 3 4 5 6 7
9 10 11 12 13 14 15 16 17 18 19 20 1 2 3 4 5 6 7 8
10 11 12 13 14 15 16 17 18 19 20 1 2 3 4 5 6 7 8 9
11 12 13 14 15 16 17 18 19 20 1 2 3 4 5 6 7 8 9 10
12 13 14 15 16 17 18 19 20 1 2 3 4 5 6 7 8 9 10 11
13 14 15 16 17 18 19 20 1 2 3 4 5 6 7 8 9 10 11 12
14 15 16 17 18 19 20 1 2 3 4 5 6 7 8 9 10 11 12 13
15 16 17 18 19 20 1 2 3 4 5 6 7 8 9 10 11 12 13 14
16 17 18 19 20 1 2 3 4 5 6 7 8 9 10 11 12 13 14 15
17 18 19 20 1 2 3 4 5 6 7 8 9 10 11 12 13 14 15 16
18 19 20 1 2 3 4 5 6 7 8 9 10 11 12 13 14 15 16 17
19 20 1 2 3 4 5 6 7 8 9 10 11 12 13 14 15 16 17 18
20 1 2 3 4 5 6 7 8 9 10 11 12 13 14 15 16 17 18 19
1 2 3 4 5 6 7 8 9 10 11 12 13 14 15 16 17 18 19 20
2 3 4 5 6 7 8 9 10 11 12 13 14 15 16 17 18 19 20 1
3 4 5 6 7 8 9 10 11 12 13 14 15 16 17 18 19 20 1 2
4 5 6 7 8 9 10 11 12 13 14 15 16 17 18 19 20 1 2 3
5 6 7 8 9 10 11 12 13 14 15 16 17 18 19 20 1 2 3 4
6 7 8 9 10 11 12 13 14 15 16 17 18 19 20 1 2 3 4 5
7 8 9 10 11 12 13 14 15 16 17 18 19 20 1 2 3 4 5 6
8 9 10 11 12 13 14 15 16 17 18 19 20 1 2 3 4 5 6 7
9 10 11 12 13 14 15 16 17 18 19 20 1 2 3 4 5 6 7 8
10 11 12 13 14 15 16 17 18 19 20 1 2 3 4 5 6 7 8 9
11 12 13 14 15 16 17 18 19 20 1 2 3 4 5 6 7 8 9 10
12 13 14 15 16 17 18 19 20 1 2 3 4 5 6 7 8 9 10 11
13 14 15 16 17 18 19 20 1 2 3 4 5 6 7 8 9 10 11 12
14 15 16 17 18 19 20 1 2 3 4 5 6 7 8 9 10 11 12 13
15 16 17 18 19 20 1 2 3 4 5 6 7 8 9 10 11 12 13 14
16 17 18 19 20 1 2 3 4 5 6 7 8 9 10 11 12 13 14 15
17 18 19 20 1 2 3 4 5 6 7 8 9 10 11 12 13 14 15 16
18 19 20 1 2 3 4 5 6 7 8 9 10 11 12 13 14 15 16 17
19 20 1 2 3 4 5 6 7 8 9 10 11 12 13 14 15 16 17 18
20 1 2 3 4 5 6 7 8 9 10 11 12 13 14 15 16 17 18 19
1 2 3 4 5 6 7 8 9 10 11 12 13 14 15 16 17 18 19 20
2 3 4 5 6 7 8 9 10 11 12 13 14 15 16 17 18 19 20 1
3 4 5 6 7 8 9 10 11 12 13 14 15 16 17 18 19 20 1 2
4 5 6 7 8 9 10 11 12 13 14 15 16 17 18 19 20 1 2 3
5 6 7 8 9 10 11 12 13 14 15 16 17 18 19 20 1 2 3 4
6 7 8 9 10 11 12 13 14 15 16 17 18 19 20 1 2 3 4 5
7 8 9 10 11 12 13 14 15 16 17 18 19 20 1 2 3 4 5 6
8 9 10 11 12 13 14 15 16 17 18 19 20 1 2 3 4 5 6 7
9 10 11 12 13 14 15 16 17 18 19 20 1 2 3 4 5 6 7 8
10 11 12 13 14 15 16 17 18 19 20 1 2 3 4 5 6 7 8 9
11 12 13 14 15 16 17 18 19 20 1 2 3 4 5 6 7 8 9 10
12 13 14 15 16 17 18 19 20 1 2 3 4 5 6 7 8 9 10 11
13 14 15 16 17 18 19 20 1 2 3 4 5 6 7 8 9 10 11 12
14 15 16 17 18 19 20 1 2 3 4 5 6 7 8 9 10 11 12 13
15 16 17 18 19 20 1 2 3 4 5 6 7 8 9 10 11 12 13 14
16 17 18 19 20 1 2 3 4 5 6 7 8 9 10 11 12 13 14 15
17 18 19 20 1 2 3 4 5 6 7 8 9 10 11 12 13 14 15 16
18 19 20 1 2 3 4 5 6 7 8 9 10 11 12 13 14 15 16 17
19 20 1 2 3 4 5 6 7 8 9 10 11 12 13 14 15 16 17 18
20 1 2 3 4 5 6 7 8 9 10 11 12 13 14 15 16 17 18 19
1 2 3 4 5 6 7 8 9 10 11 12 13 14 15 16 17 18 19 20
2 3 4 5 6 7 8 9 10 11 12 13 14 15 16 17 18 19 20 1
3 4 5 6 7 8 9 10 11 12 13 14 15 16 17 18 19 20 1 2
4 5 6 7 8 9 10 11 12 13 14 15 16 17 18 19 20 1 2 3
5 6 7 8 9 10 11 12 13 14 15 16 17 18 19 20 1 2 3 4
6 7 8 9 10 11 12 13 14 15 16 17 18 19 20 1 2 3 4 5
7 8 9 10 11 12 13 14 15 16 17 18 19 20 1 2 3 4 5 6
8 9 10 11 12 13 14 15 16 17 18 19 20 1 2 3 4 5 6 7
9 10 11 12 13 14 15 16 17 18 19 20 1 2 3 4 5 6 7 8
10 11 12 13 14 15 16 17 18 19 20 1 2 3 4 5 6 7 8 9
11 12 13 14 15 16 17 18 19 20 1 2 3 4 5 6 7 8 9 10
12 13 14 15 16 17 18 19 20 1 2 3 4 5 6 7 8 9 10 11
13 14 15 16 17 18 19 20 1 2 3 4 5 6 7 8 9 10 11 12
14 15 16 17 18 19 20 1 2 3 4 5 6 7 8 9 10 11 12 13
15 16 17 18 19 20 1 2 3 4 5 6 7 8 9 10 11 12 13 14
16 17 18 19 20 1 2 3 4 5 6 7 8 9 10 11 12 13 14 15
17 18 19 20 1 2 3 4 5 6 7 8 9 10 11 12 13 14 15 16
18 19 20 1 2 3 4 5 6 7 8 9 10 11 12 13 14 15 16 17
19 20 1 2 3 4 5 6 7 8 9 10 11 12 13 14 15 16 17 18
20 1 2 3 4 5 6 7 8 9 10 11 12 13 14 15 16 17 18 19
1 2 3 4 5 6 7 8 9 10 11 12 13 14 15 16 17 18 19 20
2 3 4 5 6 7 8 9 10 11 12 13 14 15 16 17 18 19 20 1
3 4 5 6 7 8 9 10 11 12 13 14 15 16 17 18 19 20 1 2
4 5 6 7 8 9 10 11 12 13 14 15 16 17 18 19 20 1 2 3
5 6 7 8 9 10 11 12 13 14 15 16 17 18 19 20 1 2 3 4
6 7 8 9 10 11 12 13 14 15 16 17 18 19 20 1 2 3 4 5
7 8 9 10 11 12 13 14 15 16 17 18 19 20 1 2 3 4 5 6
8 9 10 11 12 13 14 15 16 17 18 19 20 1 2 3 4 5 6 7
9 10 11 12 13 14 15 16 17 18 19 20 1 2 3 4 5 6 7 8
10 11 12 13 14 15 16 17 18 19 20 1 2 3 4 5 6 7 8 9
11 12 13 14 15 16 17 18 19 20 1 2 3 4 5 6 7 8 9 10
12 13 14 15 16 17 18 19 20 1 2 3 4 5 6 7 8 9 10 11
13 14 15 16 17 18 19 20 1 2 3 4 5 6 7 8 9 10 11 12
14 15 16 17 18 19 20 1 2 3 4 5 6 7 8 9 10 11 12 13
15 16 17 18 19 20 1 2 3 4 5 6 7 8 9 10 11 12 13 14
16 17 18 19 20 1 2 3 4 5 6 7 8 9 10 11 12 13 14 15
17 18 19 20 1 2 3 4 5 6 7 8 9 10 11 12 13 14 15 16
18 19 20 1 2 3 4 5 6 7 8 9 10 11 12 13 14 15 16 17
19 20 1 2 3 4 5 6 7 8 9 10 11 12 13 14 15 16 17 18
20 1 2 3 4 5 6 7 8 9 10 11 12 13 14 15 16 17 18 19
1 2 3 4 5 6 7 8 9 10 11 12 13 14 15 16 17 18 19 20
2 3 4 5 6 7 8 9 10 11 12 13 14 15 16 17 18 19 20 1
3 4 5 6 7 8 9 10 11 12 13 14 15 16 17 18 19 20 1 2
4 5 6 7 8 9 10 11 12 13 14 15 16 17 18 19 20 1 2 3
5 6 7 8 9 10 11 12 13 14 15 16 17 18 19 20 1 2 3 4
6 7 8 9 10 11 12 13 14 15 16 17 18 19 20 1 2 3 4 5
7 8 9 10 11 12 13 14 15 16 17 18 19 20 1 2 3 4 5 6
8 9 10 11 12 13 14 15 16 17 18 19 20 1 2 3 4 5 6 7
9 10 11 12 13 14 15 16 17 18 19 20 1 2 3 4 5 6 7 8
10 11 12 13 14 15 16 17 18 19 20 1 2 3 4 5 6 7 8 9
11 12 13 14 15 16 17 18 19 20 1 2 3 4 5 6 7 8 9 10
12 13 14 15 16 17 18 19 20 1 2 3 4 5 6 7 8 9 10 11
13 14 15 16 17 18 19 20 1 2 3 4 5 6 7 8 9 10 11 12
14 15 16 17 18 19 20 1 2 3 4 5 6 7 8 9 10 11 12 13
15 16 17 18 19 20 1 2 3 4 5 6 7 8 9 10 11 12 13 14
16 17 18 19 20 1 2 3 4 5 6 7 8 9 10 11 12 13 14 15
17 18 19 20 1 2 3 4 5 6 7 8 9 10 11 12 13 14 15 16
18 19 20 1 2 3 4 5 6 7 8 9 10 11 12 13 14 15 16 17
19 20 1 2 3 4 5 6 7 8 9 10 11 12 13 14 15 16 17 18
20 1 2 3 4 5 6 7 8 9 10 11 12 13 14 15 16 17 18 19
1 2 3 4 5 6 7 8 9 10 11 12 13 14 15 16 17 18 19 20
2 3 4 5 6 7 8 9 10 11 12 13 14 15 16 17 18 19 20 1
3 4 5 6 7 8 9 10 11 12 13 14 15 16 17 18 19 20 1 2
4 5 6 7 8 9 10 11 12 13 14 15 16 17 18 19 20 1 2 3
5 6 7 8 9 10 11 12 13 14 15 16 17 18 19 20 1 2 3 4
6 7 8 9 10 11 12 13 14 15 16 17 18 19 20 1 2 3 4 5
7 8 9 10 11 12 13 14 15 16 17 18 19 20 1 2 3 4 5 6
8 9 10 11 12 13 14 15 16 17 18 19 20 1 2 3 4 5 6 7
9 10 11 12 13 14 15 16 17 18 19 20 1 2 3 4 5 6 7 8
10 11 12 13 14 15 16 17 18 19 20 1 2 3 4 5 6 7 8 9
11 12 13 14 15 16 17 18 19 20 1 2 3 4 5 6 7 8 9 10
12 13 14 15 16 17 18 19 20 1 2 3 4 5 6 7 8 9 10 11
13 14 15 16 17 18 19 20 1 2 3 4 5 6 7 8 9 10 11 12
14 15 16 17 18 19 20 1 2 3 4 5 6 7 8 9 10 11 12 13
15 16 17 18 19 20 1 2 3 4 5 6 7 8 9 10 11 12 13 14
16 17 18 19 20 1 2 3 4 5 6 7 8 9 10 11 12 13 14 15
17 18 19 20 1 2 3 4 5 6 7 8 9 10 11 12 13 14 15 16
18 19 20 1 2 3 4 5 6 7 8 9 10 11 12 13 14 15 16 17
19 20 1 2 3 4 5 6 7 8 9 10 11 12 13 14 15 16 17 18
20 1 2 3 4 5 6 7 8 9 10 11 12 13 14 15 16 17 18 19
1 2 3 4 5 6 7 8 9 10 11 12 13 14 15 16 17 18 19 20
2 3 4 5 6 7 8 9 10 11 12 13 14 15 16 17 18 19 20 1
3 4 5 6 7 8 9 10 11 12 13 14 15 16 17 18 19 20 1 2
4 5 6 7 8 9 10 11 12 13 14 15 16 17 18 19 20 1 2 3
5 6 7 8 9 10 11 12 13 14 15 16 17 18 19 20 1 2 3 4
6 7 8 9 10 11 12 13 14 15 16 17 18 19 20 1 2 3 4 5
7 8 9 10 11 12 13 14 15 16 17 18 19 20 1 2 3 4 5 6
8 9 10 11 12 13 14 15 16 17 18 19 20 1 2 3 4 5 6 7
9 10 11 12 13 14 15 16 17 18 19 20 1 2 3 4 5 6 7 8
10 11 12 13 14 15 16 17 18 19 20 1 2 3 4 5 6 7 8 9
11 12 13 14 15 16 17 18 19 20 1 2 3 4 5 6 7 8 9 10
12 13 14 15 16 17 18 19 20 1 2 3 4 5 6 7 8 9 10 11
13 14 15 16 17 18 19 20 1 2 3 4 5 6 7 8 9 10 11 12
14 15 16 17 18 19 20 1 2 3 4 5 6 7 8 9 10 11 12 13
15 16 17 18 19 20 1 2 3 4 5 6 7 8 9 10 11 12 13 14
16 17 18 19 20 1 2 3 4 5 6 7 8 9 10 11 12 13 14 15
17 18 19 20 1 2 3 4 5 6 7 8 9 10 11 12 13 14 15 16
18 19 20 1 2 3 4 5 6 7 8 9 10 11 12 13 14 15 16 17
19 20 1 2 3 4 5 6 7 8 9 10 11 12 13 14 15 16 17 18
20 1 2 3 4 5 6 7 8 9 10 11 12 13 14 15 16 17 18 19
1 2 3 4 5 6 7 8 9 10 11 12 13 14 15 16 17 18 19 20
2 3 4 5 6 7 8 9 10 11 12 13 14 15 16 17 18 19 20 1
3 4 5 6 7 8 9 10 11 12 13 14 15 16 17 18 19 20 1 2
4 5 6 7 8 9 10 11 12 13 14 15 16 17 18 19 20 1 2 3
5 6 7 8 9 10 11 12 13 14 15 16 17 18 19 20 1 2 3 4
6 7 8 9 10 11 12 13 14 15 16 17 18 19 20 1 2 3 4 5
7 8 9 10 11 12 13 14 15 16 17 18 19 20 1 2 3 4 5 6
8 9 10 11 12 13 14 15 16 17 18 19 20 1 2 3 4 5 6 7
9 10 11 12 13 14 15 16 17 18 19 20 1 2 3 4 5 6 7 8
10 11 12 13 14 15 16 17 18 19 20 1 2 3 4 5 6 7 8 9
11 12 13 14 15 16 17 18 19 20 1 2 3 4 5 6 7 8 9 10
12 13 14 15 16 17 18 19 20 1 2 3 4 5 6 7 8 9 10 11
13 14 15 16 17 18 19 20 1 2 3 4 5 6 7 8 9 10 11 12
14 15 16 17 18 19 20 1 2 3 4 5 6 7 8 9 10 11 12 13
15 16 17 18 19 20 1 2 3 4 5 6 7 8 9 10 11 12 13 14
16 17 18 19 20 1 2 3 4 5 6 7 8 9 10 11 12 13 14 15
17 18 19 20 1 2 3 4 5 6 7 8 9 10 11 12 13 14 15 16
18 19 20 1 2 3 4 5 6 7 8 9 10 11 12 13 14 15 16 17
19 20 1 2 3 4 5 6 7 8 9 10 11 12 13 14 15 16 17 18
20 1 2 3 4 5 6 7 8 9 10 11 12 13 14 15 16 17 18 19
1 2 3 4 5 6 7 8 9 10 11 12 13 14 15 16 17 18 19 20
2 3 4 5 6 7 8 9 10 11 12 13 14 15 16 17 18 19 20 1
3 4 5 6 7 8 9 10 11 12 13 14 15 16 17 18 19 20 1 2
4 5 6 7 8 9 10 11 12 13 14 15 16 17 18 19 20 1 2 3
5 6 7 8 9 10 11 12 13 14 15 16 17 18 19 20 1 2 3 4
6 7 8 9 10 11 12 13 14 15 16 17 18 19 20 1 2 3 4 5
7 8 9 10 11 12 13 14 15 16 17 18 19 20 1 2 3 4 5 6
8 9 10 11 12 13 14 15 16 17 18 19 20 1 2 3 4 5 6 7
9 10 11 12 13 14 15 16 17 18 19 20 1 2 3 4 5 6 7 8
10 11 12 13 14 15 16 17 18 19 20 1 2 3 4 5 6 7 8 9
11 12 13 14 15 16 17 18 19 20 1 2 3 4 5 6 7 8 9 10
12 13 14 15 16 17 18 19 20 1 2 3 4 5 6 7 8 9 10 11
13 14 15 16 17 18 19 20 1 2 3 4 5 6 7 8 9 10 11 12
14 15 16 17 18 19 20 1 2 3 4 5 6 7 8 9 10 11 12 13
15 16 17 18 19 20 1 2 3 4 5 6 7 8 9 10 11 12 13 14
16 17 18 19 20 1 2 3 4 5 6 7 8 9 10 11 12 13 14 15
17 18 19 20 1 2 3 4 5 6 7 8 9 10 11 12 13 14 15 16
18 19 20 1 2 3 4 5 6 7 8 9 10 11 12 13 14 15 16 17
19 20 1 2 3 4 5 6 7 8 9 10 11 12 13 14 15 16 17 18
20 1 2 3 4 5 6 7 8 9 10 11 12 13 14 15 16 17 18 19
1 2 3 4 5 6 7 8 9 10 11 12 13 14 15 16 17 18 19 20
2 3 4 5 6 7 8 9 10 11 12 13 14 15 16 17 18 19 20 1
3 4 5 6 7 8 9 10 11 12 13 14 15 16 17 18 19 20 1 2
4 5 6 7 8 9 10 11 12 13 14 15 16 17 18 19 20 1 2 3
5 6 7 8 9 10 11 12 13 14 15 16 17 18 19 20 1 2 3 4
6 7 8 9 10 11 12 13 14 15 16 17 18 19 20 1 2 3 4 5
7 8 9 10 11 12 13 14 15 16 17 18 19 20 1 2 3 4 5 6
8 9 10 11 12 13 14 15 16 17 18 19 20 1 2 3 4 5 6 7
9 10 11 12 13 14 15 16 17 18 19 20 1 2 3 4 5 6 7 8
10 11 12 13 14 15 16 17 18 19 20 1 2 3 4 5 6 7 8 9
11 12 13 14 15 16 17 18 19 20 1 2 3 4 5 6 7 8 9 10
12 13 14 15 16 17 18 19 20 1 2 3 4 5 6 7 8 9 10 11
13 14 15 16 17 18 19 20 1 2 3 4 5 6 7 8 9 10 11 12
14 15 16 17 18 19 20 1 2 3 4 5 6 7 8 9 10 11 12 13
15 16 17 18 19 20 1 2 3 4 5 6 7 8 9 10 11 12 13 14
16 17 18 19 20 1 2 3 4 5 6 7 8 9 10 11 12 13 14 15
17 18 19 20 1 2 3 4 5 6 7 8 9 10 11 12 13 14 15 16
18 19 20 1 2 3 4 5 6 7 8 9 10 11 12 13 14 15 16 17
19 20 1 2 3 4 5 6 7 8 9 10 11 12 13 14 15 16 17 18
20 1 2 3 4 5 6 7 8 9 10 11 12 13 14 15 16 17 18 19
1 2 3 4 5 6 7 8 9 10 11 12 13 14 15 16 17 18 19 20
2 3 4 5 6 7 8 9 10 11 12 13 14 15 16 17 18 19 20 1
3 4 5 6 7 8 9 10 11 12 13 14 15 16 17 18 19 20 1 2
4 5 6 7 8 9 10 11 12 13 14 15 16 17 18 19 20 1 2 3
5 6 7 8 9 10 11 12 13 14 15 16 17 18 19 20 1 2 3 4
6 7 8 9 10 11 12 13 14 15 16 17 18 19 20 1 2 3 4 5
7 8 9 10 11 12 13 14 15 16 17 18 19 20 1 2 3 4 5 6
8 9 10 11 12 13 14 15 16 17 18 19 20 1 2 3 4 5 6 7
9 10 11 12 13 14 15 16 17 18 19 20 1 2 3 4 5 6 7 8
10 11 12 13 14 15 16 17 18 19 20 1 2 3 4 5 6 7 8 9
11 12 13 14 15 16 17 18 19 20 1 2 3 4 5 6 7 8 9 10
12 13 14 15 16 17 18 19 20 1 2 3 4 5 6 7 8 9 10 11
13 14 15 16 17 18 19 20 1 2 3 4 5 6 7 8 9 10 11 12
14 15 16 17 18 19 20 1 2 3 4 5 6 7 8 9 10 11 12 13
15 16 17 18 19 20 1 2 3 4 5 6 7 8 9 10 11 12 13 14
16 17 18 19 20 1 2 3 4 5 6 7 8 9 10 11 12 13 14 15
17 18 19 20 1 2 3 4 5 6 7 8 9 10 11 12 13 14 15 16
18 19 20 1 2 3 4 5 6 7 8 9 10 11 12 13 14 15 16 17
19 20 1 2 3 4 5 6 7 8 9 10 11 12 13 14 15 16 17 18
20 1 2 3 4 5 6 7 8 9 10 11 12 13 14 15 16 17 18 19
1 2 3 4 5 6 7 8 9 10 11 12 13 14 15 16 17 18 19 20
2 3 4 5 6 7 8 9 10 11 12 13 14 15 16 17 18 19 20 1
3 4 5 6 7 8 9 10 11 12 13 14 15 16 17 18 19 20 1 2
4 5 6 7 8 9 10 11 12 13 14 15 16 17 18 19 20 1 2 3
5 6 7 8 9 10 11 12 13 14 15 16 17 18 19 20 1 2 3 4
6 7 8 9 10 11 12 13 14 15 16 17 18 19 20 1 2 3 4 5
7 8 9 10 11 12 13 14 15 16 17 18 19 20 1 2 3 4 5 6
8 9 10 11 12 13 14 15 16 17 18 19 20 1 2 3 4 5 6 7
9 10 11 12 13 14 15 16 17 18 19 20 1 2 3 4 5 6 7 8
10 11 12 13 14 15 16 17 18 19 20 1 2 3 4 5 6 7 8 9
11 12 13 14 15 16 17 18 19 20 1 2 3 4 5 6 7 8 9 10
12 13 14 15 16 17 18 19 20 1 2 3 4 5 6 7 8 9 10 11
13 14 15 16 17 18 19 20 1 2 3 4 5 6 7 8 9 10 11 12
14 15 16 17 18 19 20 1 2 3 4 5 6 7 8 9 10 11 12 13
15 16 17 18 19 20 1 2 3 4 5 6 7 8 9 10 11 12 13 14
16 17 18 19 20 1 2 3 4 5 6 7 8 9 10 11 12 13 14 15
17 18 19 20 1 2 3 4 5 6 7 8 9 10 11 12 13 14 15 16
18 19 20 1 2 3 4 5 6 7 8 9 10 11 12 13 14 15 16 17
19 20 1 2 3 4 5 6 7 8 9 10 11 12 13 14 15 16 17 18
20 1 2 3 4 5 6 7 8 9 10 11 12 13 14 15 16 17 18 19
1 2 3 4 5 6 7 8 9 10 11 12 13 14 15 16 17 18 19 20
2 3 4 5 6 7 8 9 10 11 12 13 14 15 16 17 18 19 20 1
3 4 5 6 7 8 9 10 11 12 13 14 15 16 17 18 19 20 1 2
4 5 6 7 8 9 10 11 12 13 14 15 16 17 18 19 20 1 2 3
5 6 7 8 9 10 11 12 13 14 15 16 17 18 19 20 1 2 3 4
6 7 8 9 10 11 12 13 14 15 16 17 18 19 20 1 2 3 4 5
7 8 9 10 11 12 13 14 15 16 17 18 19 20 1 2 3 4 5 6
8 9 10 11 12 13 14 15 16 17 18 19 20 1 2 3 4 5 6 7
9 10 11 12 13 14 15 16 17 18 19 20 1 2 3 4 5 6 7 8
10 11 12 13 14 15 16 17 18 19 20 1 2 3 4 5 6 7 8 9
11 12 13 14 15 16 17 18 19 20 1 2 3 4 5 6 7 8 9 10
12 13 14 15 16 17 18 19 20 1 2 3 4 5 6 7 8 9 10 11
13 14 15 16 17 18 19 20 1 2 3 4 5 6 7 8 9 10 11 12
14 15 16 17 18 19 20 1 2 3 4 5 6 7 8 9 10 11 12 13
15 16 17 18 19 20 1 2 3 4 5 6 7 8 9 10 11 12 13 14
16 17 18 19 20 1 2 3 4 5 6 7 8 9 10 11 12 13 14 15
17 18 19 20 1 2 3 4 5 6 7 8 9 10 11 12 13 14 15 16
18 19 20 1 2 3 4 5 6 7 8 9 10 11 12 13 14 15 16 17
19 20 1 2 3 4 5 6 7 8 9 10 11 12 13 14 15 16 17 18
20 1 2 3 4 5 6 7 8 9 10 11 12 13 14 15 16 17 18 19
1 2 3 4 5 6 7 8 9 10 11 12 13 14 15 16 17 18 19 20
2 3 4 5 6 7 8 9 10 11 12 13 14 15 16 17 18 19 20 1
3 4 5 6 7 8 9 10 11 12 13 14 15 16 17 18 19 20 1 2
4 5 6 7 8 9 10 11 12 13 14 15 16 17 18 19 20 1 2 3
5 6 7 8 9 10 11 12 13 14 15 16 17 18 19 20 1 2 3 4
6 7 8 9 10 11 12 13 14 15 16 17 18 19 20 1 2 3 4 5
7 8 9 10 11 12 13 14 15 16 17 18 19 20 1 2 3 4 5 6
8 9 10 11 12 13 14 15 16 17 18 19 20 1 2 3 4 5 6 7
9 10 11 12 13 14 15 16 17 18 19 20 1 2 3 4 5 6 7 8
10 11 12 13 14 15 16 17 18 19 20 1 2 3 4 5 6 7 8 9
11 12 13 14 15 16 17 18 19 20 1 2 3 4 5 6 7 8 9 10
12 13 14 15 16 17 18 19 20 1 2 3 4 5 6 7 8 9 10 11
13 14 15 16 17 18 19 20 1 2 3 4 5 6 7 8 9 10 11 12
14 15 16 17 18 19 20 1 2 3 4 5 6 7 8 9 10 11 12 13
15 16 17 18 19 20 1 2 3 4 5 6 7 8 9 10 11 12 13 14
16 17 18 19 20 1 2 3 4 5 6 7 8 9 10 11 12 13 14 15
17 18 19 20 1 2 3 4 5 6 7 8 9 10 11 12 13 14 15 16
18 19 20 1 2 3 4 5 6 7 8 9 10 11 12 13 14 15 16 17
19 20 1 2 3 4 5 6 7 8 9 10 11 12 13 14 15 16 17 18
20 1 2 3 4 5 6 7 8 9 10 11 12 13 14 15 16 17 18 19
1 2 3 4 5 6 7 8 9 10 11 12 13 14 15 16 17 18 19 20
2 3 4 5 6 7 8 9 10 11 12 13 14 15 16 17 18 19 20 1
3 4 5 6 7 8 9 10 11 12 13 14 15 16 17 18 19 20 1 2
4 5 6 7 8 9 10 11 12 13 14 15 16 17 18 19 20 1 2 3
5 6 7 8 9 10 11 12 13 14 15 16 17 18 19 20 1 2 3 4
6 7 8 9 10 11 12 13 14 15 16 17 18 19 20 1 2 3 4 5
7 8 9 10 11 12 13 14 15 16 17 18 19 20 1 2 3 4 5 6
8 9 10 11 12 13 14 15 16 17 18 19 20 1 2 3 4 5 6 7
9 10 11 12 13 14 15 16 17 18 19 20 1 2 3 4 5 6 7 8
10 11 12 13 14 15 16 17 18 19 20 1 2 3 4 5 6 7 8 9
11 12 13 14 15 16 17 18 19 20 1 2 3 4 5 6 7 8 9 10
12 13 14 15 16 17 18 19 20 1 2 3 4 5 6 7 8 9 10 11
13 14 15 16 17 18 19 20 1 2 3 4 5 6 7 8 9 10 11 12
14 15 16 17 18 19 20 1 2 3 4 5 6 7 8 9 10 11 12 13
15 16 17 18 19 20 1 2 3 4 5 6 7 8 9 10 11 12 13 14
16 17 18 19 20 1 2 3 4 5 6 7 8 9 10 11 12 13 14 15
17 18 19 20 1 2 3 4 5 6 7 8 9 10 11 12 13 14 15 16
18 19 20 1 2 3 4 5 6 7 8 9 10 11 12 13 14 15 16 17
19 20 1 2 3 4 5 6 7 8 9 10 11 12 13 14 15 16 17 18
20 1 2 3 4 5 6 7 8 9 10 11 12 13 14 15 16 17 18 19
1 2 3 4 5 6 7 8 9 10 11 12 13 14 15 16 17 18 19 20
2 3 4 5 6 7 8 9 10 11 12 13 14 15 16 17 18 19 20 1
3 4 5 6 7 8 9 10 11 12 13 14 15 16 17 18 19 20 1 2
4 5 6 7 8 9 10 11 12 13 14 15 16 17 18 19 20 1 2 3
5 6 7 8 9 10 11 12 13 14 15 16 17 18 19 20 1 2 3 4
6 7 8 9 10 11 12 13 14 15 16 17 18 19 20 1 2 3 4 5
7 8 9 10 11 12 13 14 15 16 17 18 19 20 1 2 3 4 5 6
8 9 10 11 12 13 14 15 16 17 18 19 20 1 2 3 4 5 6 7
9 10 11 12 13 14 15 16 17 18 19 20 1 2 3 4 5 6 7 8
10 11 12 13 14 15 16 17 18 19 20 1 2 3 4 5 6 7 8 9
11 12 13 14 15 16 17 18 19 20 1 2 3 4 5 6 7 8 9 10
12 13 14 15 16 17 18 19 20 1 2 3 4 5 6 7 8 9 10 11
13 14 15 16 17 18 19 20 1 2 3 4 5 6 7 8 9 10 11 12
14 15 16 17 18 19 20 1 2 3 4 5 6 7 8 9 10 11 12 13
15 16 17 18 19 20 1 2 3 4 5 6 7 8 9 10 11 12 13 14
16 17 18 19 20 1 2 3 4 5 6 7 8 9 10 11 12 13 14 15
17 18 19 20 1 2 3 4 5 6 7 8 9 10 11 12 13 14 15 16
18 19 20 1 2 3 4 5 6 7 8 9 10 11 12 13 14 15 16 17
19 20 1 2 3 4 5 6 7 8 9 10 11 12 13 14 15 16 17 18
20 1 2 3 4 5 6 7 8 9 10 11 12 13 14 15 16 17 18 19
1 2 3 4 5 6 7 8 9 10 11 12 13 14 15 16 17 18 19 20
2 3 4 5 6 7 8 9 10 11 12 13 14 15 16 17 18 19 20 1
3 4 5 6 7 8 9 10 11 12 13 14 15 16 17 18 19 20 1 2
4 5 6 7 8 9 10 11 12 13 14 15 16 17 18 19 20 1 2 3
5 6 7 8 9 10 11 12 13 14 15 16 17 18 19 20 1 2 3 4
6 7 8 9 10 11 12 13 14 15 16 17 18 19 20 1 2 3 4 5
7 8 9 10 11 12 13 14 15 16 17 18 19 20 1 2 3 4 5 6
8 9 10 11 12 13 14 15 16 17 18 19 20 1 2 3 4 5 6 7
9 10 11 12 13 14 15 16 17 18 19 20 1 2 3 4 5 6 7 8
10 11 12 13 14 15 16 17 18 19 20 1 2 3 4 5 6 7 8 9
11 12 13 14 15 16 17 18 19 20 1 2 3 4 5 6 7 8 9 10
12 13 14 15 16 17 18 19 20 1 2 3 4 5 6 7 8 9 10 11
13 14 15 16 17 18 19 20 1 2 3 4 5 6 7 8 9 10 11 12
14 15 16 17 18 19 20 1 2 3 4 5 6 7 8 9 10 11 12 13
15 16 17 18 19 20 1 2 3 4 5 6 7 8 9 10 11 12 13 14
16 17 18 19 20 1 2 3 4 5 6 7 8 9 10 11 12 13 14 15
17 18 19 20 1 2 3 4 5 6 7 8 9 10 11 12 13 14 15 16
18 19 20 1 2 3 4 5 6 7 8 9 10 11 12 13 14 15 16 17
19 20 1 2 3 4 5 6 7 8 9 10 11 12 13 14 15 16 17 18
20 1 2 3 4 5 6 7 8 9 10 11 12 13 14 15 16 17 18 19
1 2 3 4 5 6 7 8 9 10 11 12 13 14 15 16 17 18 19 20
2 3 4 5 6 7 8 9 10 11 12 13 14 15 16 17 18 19 20 1
3 4 5 6 7 8 9 10 11 12 13 14 15 16 17 18 19 20 1 2
4 5 6 7 8 9 10 11 12 13 14 15 16 17 18 19 20 1 2 3
5 6 7 8 9 10 11 12 13 14 15 16 17 18 19 20 1 2 3 4
6 7 8 9 10 11 12 13 14 15 16 17 18 19 20 1 2 3 4 5
7 8 9 10 11 12 13 14 15 16 17 18 19 20 1 2 3 4 5 6
8 9 10 11 12 13 14 15 16 17 18 19 20 1 2 3 4 5 6 7
9 10 11 12 13 14 15 16 17 18 19 20 1 2 3 4 5 6 7 8
10 11 12 13 14 15 16 17 18 19 20 1 2 3 4 5 6 7 8 9
11 12 13 14 15 16 17 18 19 20 1 2 3 4 5 6 7 8 9 10
12 13 14 15 16 17 18 19 20 1 2 3 4 5 6 7 8 9 10 11
13 14 15 16 17 18 19 20 1 2 3 4 5 6 7 8 9 10 11 12
14 15 16 17 18 19 20 1 2 3 4 5 6 7 8 9 10 11 12 13
15 16 17 18 19 20 1 2 3 4 5 6 7 8 9 10 11 12 13 14
16 17 18 19 20 1 2 3 4 5 6 7 8 9 10 11 12 13 14 15
17 18 19 20 1 2 3 4 5 6 7 8 9 10 11 12 13 14 15 16
18 19 20 1 2 3 4 5 6 7 8 9 10 11 12 13 14 15 16 17
19 20 1 2 3 4 5 6 7 8 9 10 11 12 13 14 15 16 17 18
20 1 2 3 4 5 6 7 8 9 10 11 12 13 14 15 16 17 18 19
1 2 3 4 5 6 7 8 9 10 11 12 13 14 15 16 17 18 19 20
2 3 4 5 6 7 8 9 10 11 12 13 14 15 16 17 18 19 20 1
3 4 5 6 7 8 9 10 11 12 13 14 15 16 17 18 19 20 1 2
4 5 6 7 8 9 10 11 12 13 14 15 16 17 18 19 20 1 2 3
5 6 7 8 9 10 11 12 13 14 15 16 17 18 19 20 1 2 3 4
6 7 8 9 10 11 12 13 14 15 16 17 18 19 20 1 2 3 4 5
7 8 9 10 11 12 13 14 15 16 17 18 19 20 1 2 3 4 5 6
8 9 10 11 12 13 14 15 16 17 18 19 20 1 2 3 4 5 6 7
9 10 11 12 13 14 15 16 17 18 19 20 1 2 3 4 5 6 7 8
10 11 12 13 14 15 16 17 18 19 20 1 2 3 4 5 6 7 8 9
11 12 13 14 15 16 17 18 19 20 1 2 3 4 5 6 7 8 9 10
12 13 14 15 16 17 18 19 20 1 2 3 4 5 6 7 8 9 10 11
13 14 15 16 17 18 19 20 1 2 3 4 5 6 7 8 9 10 11 12
14 15 16 17 18 19 20 1 2 3 4 5 6 7 8 9 10 11 12 13
15 16 17 18 19 20 1 2 3 4 5 6 7 8 9 10 11 12 13 14
16 17 18 19 20 1 2 3 4 5 6 7 8 9 10 11 12 13 14 15
17 18 19 20 1 2 3 4 5 6 7 8 9 10 11 12 13 14 15 16
18 19 20 1 2 3 4 5 6 7 8 9 10 11 12 13 14 15 16 17
19 20 1 2 3 4 5 6 7 8 9 10 11 12 13 14 15 16 17 18
20 1 2 3 4 5 6 7 8 9 10 11 12 13 14 15 16 17 18 19
1 2 3 4 5 6 7 8 9 10 11 12 13 14 15 16 17 18 19 20
2 3 4 5 6 7 8 9 10 11 12 13 14 15 16 17 18 19 20 1
3 4 5 6 7 8 9 10 11 12 13 14 15 16 17 18 19 20 1 2
4 5 6 7 8 9 10 11 12 13 14 15 16 17 18 19 20 1 2 3
5 6 7 8 9 10 11 12 13 14 15 16 17 18 19 20 1 2 3 4
6 7 8 9 10 11 12 13 14 15 16 17 18 19 20 1 2 3 4 5
7 8 9 10 11 12 13 14 15 16 17 18 19 20 1 2 3 4 5 6
8 9 10 11 12 13 14 15 16 17 18 19 20 1 2 3 4 5 6 7
9 10 11 12 13 14 15 16 17 18 19 20 1 2 3 4 5 6 7 8
10 11 12 13 14 15 16 17 18 19 20 1 2 3 4 5 6 7 8 9
11 12 13 14 15 16 17 18 19 20 1 2 3 4 5 6 7 8 9 10
12 13 14 15 16 17 18 19 20 1 2 3 4 5 6 7 8 9 10 11
13 14 15 16 17 18 19 20 1 2 3 4 5 6 7 8 9 10 11 12
14 15 16 17 18 19 20 1 2 3 4 5 6 7 8 9 10 11 12 13
15 16 17 18 19 20 1 2 3 4 5 6 7 8 9 10 11 12 13 14
16 17 18 19 20 1 2 3 4 5 6 7 8 9 10 11 12 13 14 15
17 18 19 20 1 2 3 4 5 6 7 8 9 10 11 12 13 14 15 16
18 19 20 1 2 3 4 5 6 7 8 9 10 11 12 13 14 15 16 17
19 20 1 2 3 4 5 6 7 8 9 10 11 12 13 14 15 16 17 18
20 1 2 3 4 5 6 7 8 9 10 11 12 13 14 15 16 17 18 19
1 2 3 4 5 6 7 8 9 10 11 12 13 14 15 16 17 18 19 20
2 3 4 5 6 7 8 9 10 11 12 13 14 15 16 17 18 19 20 1
3 4 5 6 7 8 9 10 11 12 13 14 15 16 17 18 19 20 1 2
4 5 6 7 8 9 10 11 12 13 14 15 16 17 18 19 20 1 2 3
5 6 7 8 9 10 11 12 13 14 15 16 17 18 19 20 1 2 3 4
6 7 8 9 10 11 12 13 14 15 16 17 18 19 20 1 2 3 4 5
7 8 9 10 11 12 13 14 15 16 17 18 19 20 1 2 3 4 5 6
8 9 10 11 12 13 14 15 16 17 18 19 20 1 2 3 4 5 6 7
9 10 11 12 13 14 15 16 17 18 19 20 1 2 3 4 5 6 7 8
10 11 12 13 14 15 16 17 18 19 20 1 2 3 4 5 6 7 8 9
11 12 13 14 15 16 17 18 19 20 1 2 3 4 5 6 7 8 9 10
12 13 14 15 16 17 18 19 20 1 2 3 4 5 6 7 8 9 10 11
13 14 15 16 17 18 19 20 1 2 3 4 5 6 7 8 9 10 11 12
14 15 16 17 18 19 20 1 2 3 4 5 6 7 8 9 10 11 12 13
15 16 17 18 19 20 1 2 3 4 5 6 7 8 9 10 11 12 13 14
16 17 18 19 20 1 2 3 4 5 6 7 8 9 10 11 12 13 14 15
17 18 19 20 1 2 3 4 5 6 7 8 9 10 11 12 13 14 15 16
18 19 20 1 2 3 4 5 6 7 8 9 10 11 12 13 14 15 16 17
19 20 1 2 3 4 5 6 7 8 9 10 11 12 13 14 15 16 17 18
20 1 2 3 4 5 6 7 8 9 10 11 12 13 14 15 16 17 18 19
1 2 3 4 5 6 7 8 9 10 11 12 13 14 15 16 17 18 19 20
2 3 4 5 6 7 8 9 10 11 12 13 14 15 16 17 18 19 20 1
3 4 5 6 7 8 9 10 11 12 13 14 15 16 17 18 19 20 1 2
4 5 6 7 8 9 10 11 12 13 14 15 16 17 18 19 20 1 2 3
5 6 7 8 9 10 11 12 13 14 15 16 17 18 19 20 1 2 3 4
6 7 8 9 10 11 12 13 14 15 16 17 18 19 20 1 2 3 4 5
7 8 9 10 11 12 13 14 15 16 17 18 19 20 1 2 3 4 5 6
8 9 10 11 12 13 14 15 16 17 18 19 20 1 2 3 4 5 6 7
9 10 11 12 13 14 15 16 17 18 19 20 1 2 3 4 5 6 7 8
10 11 12 13 14 15 16 17 18 19 20 1 2 3 4 5 6 7 8 9
11 12 13 14 15 16 17 18 19 20 1 2 3 4 5 6 7 8 9 10
12 13 14 15 16 17 18 19 20 1 2 3 4 5 6 7 8 9 10 11
13 14 15 16 17 18 19 20 1 2 3 4 5 6 7 8 9 10 11 12
14 15 16 17 18 19 20 1 2 3 4 5 6 7 8 9 10 11 12 13
15 16 17 18 19 20 1 2 3 4 5 6 7 8 9 10 11 12 13 14
16 17 18 19 20 1 2 3 4 5 6 7 8 9 10 11 12 13 14 15
17 18 19 20 1 2 3 4 5 6 7 8 9 10 11 12 13 14 15 16
18 19 20 1 2 3 4 5 6 7 8 9 10 11 12 13 14 15 16 17
19 20 1 2 3 4 5 6 7 8 9 10 11 12 13 14 15 16 17 18
20 1 2 3 4 5 6 7 8 9 10 11 12 13 14 15 16 17 18 19
1 2 3 4 5 6 7 8 9 10 11 12 13 14 15 16 17 18 19 20
2 3 4 5 6 7 8 9 10 11 12 13 14 15 16 17 18 19 20 1
3 4 5 6 7 8 9 10 11 12 13 14 15 16 17 18 19 20 1 2
4 5 6 7 8 9 10 11 12 13 14 15 16 17 18 19 20 1 2 3
5 6 7 8 9 10 11 12 13 14 15 16 17 18 19 20 1 2 3 4
6 7 8 9 10 11 12 13 14 15 16 17 18 19 20 1 2 3 4 5
7 8 9 10 11 12 13 14 15 16 17 18 19 20 1 2 3 4 5 6
8 9 10 11 12 13 14 15 16 17 18 19 20 1 2 3 4 5 6 7
9 10 11 12 13 14 15 16 17 18 19 20 1 2 3 4 5 6 7 8
10 11 12 13 14 15 16 17 18 19 20 1 2 3 4 5 6 7 8 9
11 12 13 14 15 16 17 18 19 20 1 2 3 4 5 6 7 8 9 10
12 13 14 15 16 17 18 19 20 1 2 3 4 5 6 7 8 9 10 11
13 14 15 16 17 18 19 20 1 2 3 4 5 6 7 8 9 10 11 12
14 15 16 17 18 19 20 1 2 3 4 5 6 7 8 9 10 11 12 13
15 16 17 18 19 20 1 2 3 4 5 6 7 8 9 10 11 12 13 14
16 17 18 19 20 1 2 3 4 5 6 7 8 9 10 11 12 13 14 15
17 18 19 20 1 2 3 4 5 6 7 8 9 10 11 12 13 14 15 16
18 19 20 1 2 3 4 5 6 7 8 9 10 11 12 13 14 15 16 17
19 20 1 2 3 4 5 6 7 8 9 10 11 12 13 14 15 16 17 18
20 1 2 3 4 5 6 7 8 9 10 11 12 13 14 15 16 17 18 19
1 2 3 4 5 6 7 8 9 10 11 12 13 14 15 16 17 18 19 20
2 3 4 5 6 7 8 9 10 11 12 13 14 15 16 17 18 19 20 1
3 4 5 6 7 8 9 10 11 12 13 14 15 16 17 18 19 20 1 2
4 5 6 7 8 9 10 11 12 13 14 15 16 17 18 19 20 1 2 3
5 6 7 8 9 10 11 12 13 14 15 16 17 18 19 20 1 2 3 4
6 7 8 9 10 11 12 13 14 15 16 17 18 19 20 1 2 3 4 5
7 8 9 10 11 12 13 14 15 16 17 18 19 20 1 2 3 4 5 6
8 9 10 11 12 13 14 15 16 17 18 19 20 1 2 3 4 5 6 7
9 10 11 12 13 14 15 16 17 18 19 20 1 2 3 4 5 6 7 8
10 11 12 13 14 15 16 17 18 19 20 1 2 3 4 5 6 7 8 9
11 12 13 14 15 16 17 18 19 20 1 2 3 4 5 6 7 8 9 10
12 13 14 15 16 17 18 19 20 1 2 3 4 5 6 7 8 9 10 11
13 14 15 16 17 18 19 20 1 2 3 4 5 6 7 8 9 10 11 12
14 15 16 17 18 19 20 1 2 3 4 5 6 7 8 9 10 11 12 13
15 16 17 18 19 20 1 2 3 4 5 6 7 8 9 10 11 12 13 14
16 17 18 19 20 1 2 3 4 5 6 7 8 9 10 11 12 13 14 15
17 18 19 20 1 2 3 4 5 6 7 8 9 10 11 12 13 14 15 16
18 19 20 1 2 3 4 5 6 7 8 9 10 11 12 13 14 15 16 17
19 20 1 2 3 4 5 6 7 8 9 10 11 12 13 14 15 16 17 18
20 1 2 3 4 5 6 7 8 9 10 11 12 13 14 15 16 17 18 19
1 2 3 4 5 6 7 8 9 10 11 12 13 14 15 16 17 18 19 20
2 3 4 5 6 7 8 9 10 11 12 13 14 15 16 17 18 19 20 1
3 4 5 6 7 8 9 10 11 12 13 14 15 16 17 18 19 20 1 2
4 5 6 7 8 9 10 11 12 13 14 15 16 17 18 19 20 1 2 3
5 6 7 8 9 10 11 12 13 14 15 16 17 18 19 20 1 2 3 4
6 7 8 9 10 11 12 13 14 15 16 17 18 19 20 1 2 3 4 5
7 8 9 10 11 12 13 14 15 16 17 18 19 20 1 2 3 4 5 6
8 9 10 11 12 13 14 15 16 17 18 19 20 1 2 3 4 5 6 7
9 10 11 12 13 14 15 16 17 18 19 20 1 2 3 4 5 6 7 8
10 11 12 13 14 15 16 17 18 19 20 1 2 3 4 5 6 7 8 9
11 12 13 14 15 16 17 18 19 20 1 2 3 4 5 6 7 8 9 10
12 13 14 15 16 17 18 19 20 1 2 3 4 5 6 7 8 9 10 11
13 14 15 16 17 18 19 20 1 2 3 4 5 6 7 8 9 10 11 12
14 15 16 17 18 19 20 1 2 3 4 5 6 7 8 9 10 11 12 13
15 16 17 18 19 20 1 2 3 4 5 6 7 8 9 10 11 12 13 14
16 17 18 19 20 1 2 3 4 5 6 7 8 9 10 11 12 13 14 15
17 18 19 20 1 2 3 4 5 6 7 8 9 10 11 12 13 14 15 16
18 19 20 1 2 3 4 5 6 7 8 9 10 11 12 13 14 15 16 17
19 20 1 2 3 4 5 6 7 8 9 10 11 12 13 14 15 16 17 18
20 1 2 3 4 5 6 7 8 9 10 11 12 13 14 15 16 17 18 19
1 2 3 4 5 6 7 8 9 10 11 12 13 14 15 16 17 18 19 20
2 3 4 5 6 7 8 9 10 11 12 13 14 15 16 17 18 19 20 1
3 4 5 6 7 8 9 10 11 12 13 14 15 16 17 18 19 20 1 2
4 5 6 7 8 9 10 11 12 13 14 15 16 17 18 19 20 1 2 3
5 6 7 8 9 10 11 12 13 14 15 16 17 18 19 20 1 2 3 4
6 7 8 9 10 11 12 13 14 15 16 17 18 19 20 1 2 3 4 5
7 8 9 10 11 12 13 14 15 16 17 18 19 20 1 2 3 4 5 6
8 9 10 11 12 13 14 15 16 17 18 19 20 1 2 3 4 5 6 7
9 10 11 12 13 14 15 16 17 18 19 20 1 2 3 4 5 6 7 8
10 11 12 13 14 15 16 17 18 19 20 1 2 3 4 5 6 7 8 9
11 12 13 14 15 16 17 18 19 20 1 2 3 4 5 6 7 8 9 10
12 13 14 15 16 17 18 19 20 1 2 3 4 5 6 7 8 9 10 11
13 14 15 16 17 18 19 20 1 2 3 4 5 6 7 8 9 10 11 12
14 15 16 17 18 19 20 1 2 3 4 5 6 7 8 9 10 11 12 13
15 16 17 18 19 20 1 2 3 4 5 6 7 8 9 10 11 12 13 14
16 17 18 19 20 1 2 3 4 5 6 7 8 9 10 11 12 13 14 15
17 18 19 20 1 2 3 4 5 6 7 8 9 10 11 12 13 14 15 16
18 19 20 1 2 3 4 5 6 7 8 9 10 11 12 13 14 15 16 17
19 20 1 2 3 4 5 6 7 8 9 10 11 12 13 14 15 16 17 18
20 1 2 3 4 5 6 7 8 9 10 11 12 13 14 15 16 17 18 19
1 2 3 4 5 6 7 8 9 10 11 12 13 14 15 16 17 18 19 20
2 3 4 5 6 7 8 9 10 11 12 13 14 15 16 17 18 19 20 1
3 4 5 6 7 8 9 10 11 12 13 14 15 16 17 18 19 20 1 2
4 5 6 7 8 9 10 11 12 13 14 15 16 17 18 19 20 1 2 3
5 6 7 8 9 10 11 12 13 14 15 16 17 18 19 20 1 2 3 4
6 7 8 9 10 11 12 13 14 15 16 17 18 19 20 1 2 3 4 5
7 8 9 10 11 12 13 14 15 16 17 18 19 20 1 2 3 4 5 6
8 9 10 11 12 13 14 15 16 17 18 19 20 1 2 3 4 5 6 7
9 10 11 12 13 14 15 16 17 18 19 20 1 2 3 4 5 6 7 8
10 11 12 13 14 15 16 17 18 19 20 1 2 3 4 5 6 7 8 9
11 12 13 14 15 16 17 18 19 20 1 2 3 4 5 6 7 8 9 10
12 13 14 15 16 17 18 19 20 1 2 3 4 5 6 7 8 9 10 11
13 14 15 16 17 18 19 20 1 2 3 4 5 6 7 8 9 10 11 12
14 15 16 17 18 19 20 1 2 3 4 5 6 7 8 9 10 11 12 13
15 16 17 18 19 20 1 2 3 4 5 6 7 8 9 10 11 12 13 14
16 17 18 19 20 1 2 3 4 5 6 7 8 9 10 11 12 13 14 15
17 18 19 20 1 2 3 4 5 6 7 8 9 10 11 12 13 14 15 16
18 19 20 1 2 3 4 5 6 7 8 9 10 11 12 13 14 15 16 17
19 20 1 2 3 4 5 6 7 8 9 10 11 12 13 14 15 16 17 18
20 1 2 3 4 5 6 7 8 9 10 11 12 13 14 15 16 17 18 19
1 2 3 4 5 6 7 8 9 10 11 12 13 14 15 16 17 18 19 20
2 3 4 5 6 7 8 9 10 11 12 13 14 15 16 17 18 19 20 1
3 4 5 6 7 8 9 10 11 12 13 14 15 16 17 18 19 20 1 2
4 5 6 7 8 9 10 11 12 13 14 15 16 17 18 19 20 1 2 3
5 6 7 8 9 10 11 12 13 14 15 16 17 18 19 20 1 2 3 4
6 7 8 9 10 11 12 13 14 15 16 17 18 19 20 1 2 3 4 5
7 8 9 10 11 12 13 14 15 16 17 18 19 20 1 2 3 4 5 6
8 9 10 11 12 13 14 15 16 17 18 19 20 1 2 3 4 5 6 7
9 10 11 12 13 14 15 16 17 18 19 20 1 2 3 4 5 6 7 8
10 11 12 13 14 15 16 17 18 19 20 1 2 3 4 5 6 7 8 9
11 12 13 14 15 16 17 18 19 20 1 2 3 4 5 6 7 8 9 10
12 13 14 15 16 17 18 19 20 1 2 3 4 5 6 7 8 9 10 11
13 14 15 16 17 18 19 20 1 2 3 4 5 6 7 8 9 10 11 12
14 15 16 17 18 19 20 1 2 3 4 5 6 7 8 9 10 11 12 13
15 16 17 18 19 20 1 2 3 4 5 6 7 8 9 10 11 12 13 14
16 17 18 19 20 1 2 3 4 5 6 7 8 9 10 11 12 13 14 15
17 18 19 20 1 2 3 4 5 6 7 8 9 10 11 12 13 14 15 16
18 19 20 1 2 3 4 5 6 7 8 9 10 11 12 13 14 15 16 17
19 20 1 2 3 4 5 6 7 8 9 10 11 12 13 14 15 16 17 18
20 1 2 3 4 5 6 7 8 9 10 11 12 13 14 15 16 17 18 19
1 2 3 4 5 6 7 8 9 10 11 12 13 14 15 16 17 18 19 20
2 3 4 5 6 7 8 9 10 11 12 13 14 15 16 17 18 19 20 1
3 4 5 6 7 8 9 10 11 12 13 14 15 16 17 18 19 20 1 2
4 5 6 7 8 9 10 11 12 13 14 15 16 17 18 19 20 1 2 3
5 6 7 8 9 10 11 12 13 14 15 16 17 18 19 20 1 2 3 4
6 7 8 9 10 11 12 13 14 15 16 17 18 19 20 1 2 3 4 5
7 8 9 10 11 12 13 14 15 16 17 18 19 20 1 2 3 4 5 6
8 9 10 11 12 13 14 15 16 17 18 19 20 1 2 3 4 5 6 7
9 10 11 12 13 14 15 16 17 18 19 20 1 2 3 4 5 6 7 8
10 11 12 13 14 15 16 17 18 19 20 1 2 3 4 5 6 7 8 9
11 12 13 14 15 16 17 18 19 20 1 2 3 4 5 6 7 8 9 10
12 13 14 15 16 17 18 19 20 1 2 3 4 5 6 7 8 9 10 11
13 14 15 16 17 18 19 20 1 2 3 4 5 6 7 8 9 10 11 12
14 15 16 17 18 19 20 1 2 3 4 5 6 7 8 9 10 11 12 13
15 16 17 18 19 20 1 2 3 4 5 6 7 8 9 10 11 12 13 14
16 17 18 19 20 1 2 3 4 5 6 7 8 9 10 11 12 13 14 15
17 18 19 20 1 2 3 4 5 6 7 8 9 10 11 12 13 14 15 16
18 19 20 1 2 3 4 5 6 7 8 9 10 11 12 13 14 15 16 17
19 20 1 2 3 4 5 6 7 8 9 10 11 12 13 14 15 16 17 18
20 1 2 3 4 5 6 7 8 9 10 11 12 13 14 15 16 17 18 19
1 2 3 4 5 6 7 8 9 10 11 12 13 14 15 16 17 18 19 20
2 3 4 5 6 7 8 9 10 11 12 13 14 15 16 17 18 19 20 1
3 4 5 6 7 8 9 10 11 12 13 14 15 16 17 18 19 20 1 2
4 5 6 7 8 9 10 11 12 13 14 15 16 17 18 19 20 1 2 3
5 6 7 8 9 10 11 12 13 14 15 16 17 18 19 20 1 2 3 4
6 7 8 9 10 11 12 13 14 15 16 17 18 19 20 1 2 3 4 5
7 8 9 10 11 12 13 14 15 16 17 18 19 20 1 2 3 4 5 6
8 9 10 11 12 13 14 15 16 17 18 19 20 1 2 3 4 5 6 7
9 10 11 12 13 14 15 16 17 18 19 20 1 2 3 4 5 6 7 8
10 11 12 13 14 15 16 17 18 19 20 1 2 3 4 5 6 7 8 9
11 12 13 14 15 16 17 18 19 20 1 2 3 4 5 6 7 8 9 10
12 13 14 15 16 17 18 19 20 1 2 3 4 5 6 7 8 9 10 11
13 14 15 16 17 18 19 20 1 2 3 4 5 6 7 8 9 10 11 12
14 15 16 17 18 19 20 1 2 3 4 5 6 7 8 9 10 11 12 13
15 16 17 18 19 20 1 2 3 4 5 6 7 8 9 10 11 12 13 14
16 17 18 19 20 1 2 3 4 5 6 7 8 9 10 11 12 13 14 15
17 18 19 20 1 2 3 4 5 6 7 8 9 10 11 12 13 14 15 16
18 19 20 1 2 3 4 5 6 7 8 9 10 11 12 13 14 15 16 17
19 20 1 2 3 4 5 6 7 8 9 10 11 12 13 14 15 16 17 18
20 1 2 3 4 5 6 7 8 9 10 11 12 13 14 15 16 17 18 19
1 2 3 4 5 6 7 8 9 10 11 12 13 14 15 16 17 18 19 20
2 3 4 5 6 7 8 9 10 11 12 13 14 15 16 17 18 19 20 1
3 4 5 6 7 8 9 10 11 12 13 14 15 16 17 18 19 20 1 2
4 5 6 7 8 9 10 11 12 13 14 15 16 17 18 19 20 1 2 3
5 6 7 8 9 10 11 12 13 14 15 16 17 18 19 20 1 2 3 4
6 7 8 9 10 11 12 13 14 15 16 17 18 19 20 1 2 3 4 5
7 8 9 10 11 12 13 14 15 16 17 18 19 20 1 2 3 4 5 6
8 9 10 11 12 13 14 15 16 17 18 19 20 1 2 3 4 5 6 7
9 10 11 12 13 14 15 16 17 18 19 20 1 2 3 4 5 6 7 8
10 11 12 13 14 15 16 17 18 19 20 1 2 3 4 5 6 7 8 9
11 12 13 14 15 16 17 18 19 20 1 2 3 4 5 6 7 8 9 10
12 13 14 15 16 17 18 19 20 1 2 3 4 5 6 7 8 9 10 11
13 14 15 16 17 18 19 20 1 2 3 4 5 6 7 8 9 10 11 12
14 15 16 17 18 19 20 1 2 3 4 5 6 7 8 9 10 11 12 13
15 16 17 18 19 20 1 2 3 4 5 6 7 8 9 10 11 12 13 14
16 17 18 19 20 1 2 3 4 5 6 7 8 9 10 11 12 13 14 15
17 18 19 20 1 2 3 4 5 6 7 8 9 10 11 12 13 14 15 16
18 19 20 1 2 3 4 5 6 7 8 9 10 11 12 13 14 15 16 17
19 20 1 2 3 4 5 6 7 8 9 10 11 12 13 14 15 16 17 18
20 1 2 3 4 5 6 7 8 9 10 11 12 13 14 15 16 17 18 19
1 2 3 4 5 6 7 8 9 10 11 12 13 14 15 16 17 18 19 20
2 3 4 5 6 7 8 9 10 11 12 13 14 15 16 17 18 19 20 1
3 4 5 6 7 8 9 10 11 12 13 14 15 16 17 18 19 20 1 2
4 5 6 7 8 9 10 11 12 13 14 15 16 17 18 19 20 1 2 3
5 6 7 8 9 10 11 12 13 14 15 16 17 18 19 20 1 2 3 4
6 7 8 9 10 11 12 13 14 15 16 17 18 19 20 1 2 3 4 5
7 8 9 10 11 12 13 14 15 16 17 18 19 20 1 2 3 4 5 6
8 9 10 11 12 13 14 15 16 17 18 19 20 1 2 3 4 5 6 7
9 10 11 12 13 14 15 16 17 18 19 20 1 2 3 4 5 6 7 8
10 11 12 13 14 15 16 17 18 19 20 1 2 3 4 5 6 7 8 9
11 12 13 14 15 16 17 18 19 20 1 2 3 4 5 6 7 8 9 10
12 13 14 15 16 17 18 19 20 1 2 3 4 5 6 7 8 9 10 11
13 14 15 16 17 18 19 20 1 2 3 4 5 6 7 8 9 10 11 12
14 15 16 17 18 19 20 1 2 3 4 5 6 7 8 9 10 11 12 13
15 16 17 18 19 20 1 2 3 4 5 6 7 8 9 10 11 12 13 14
16 17 18 19 20 1 2 3 4 5 6 7 8 9 10 11 12 13 14 15
17 18 19 20 1 2 3 4 5 6 7 8 9 10 11 12 13 14 15 16
18 19 20 1 2 3 4 5 6 7 8 9 10 11 12 13 14 15 16 17
19 20 1 2 3 4 5 6 7 8 9 10 11 12 13 14 15 16 17 18
20 1 2 3 4 5 6 7 8 9 10 11 12 13 14 15 16 17 18 19
1 2 3 4 5 6 7 8 9 10 11 12 13 14 15 16 17 18 19 20
2 3 4 5 6 7 8 9 10 11 12 13 14 15 16 17 18 19 20 1
3 4 5 6 7 8 9 10 11 12 13 14 15 16 17 18 19 20 1 2
4 5 6 7 8 9 10 11 12 13 14 15 16 17 18 19 20 1 2 3
5 6 7 8 9 10 11 12 13 14 15 16 17 18 19 20 1 2 3 4
6 7 8 9 10 11 12 13 14 15 16 17 18 19 20 1 2 3 4 5
7 8 9 10 11 12 13 14 15 16 17 18 19 20 1 2 3 4 5 6
8 9 10 11 12 13 14 15 16 17 18 19 20 1 2 3 4 5 6 7
9 10 11 12 13 14 15 16 17 18 19 20 1 2 3 4 5 6 7 8
10 11 12 13 14 15 16 17 18 19 20 1 2 3 4 5 6 7 8 9
11 12 13 14 15 16 17 18 19 20 1 2 3 4 5 6 7 8 9 10
12 13 14 15 16 17 18 19 20 1 2 3 4 5 6 7 8 9 10 11
13 14 15 16 17 18 19 20 1 2 3 4 5 6 7 8 9 10 11 12
14 15 16 17 18 19 20 1 2 3 4 5 6 7 8 9 10 11 12 13
15 16 17 18 19 20 1 2 3 4 5 6 7 8 9 10 11 12 13 14
16 17 18 19 20 1 2 3 4 5 6 7 8 9 10 11 12 13 14 15
17 18 19 20 1 2 3 4 5 6 7 8 9 10 11 12 13 14 15 16
18 19 20 1 2 3 4 5 6 7 8 9 10 11 12 13 14 15 16 17
19 20 1 2 3 4 5 6 7 8 9 10 11 12 13 14 15 16 17 18
20 1 2 3 4 5 6 7 8 9 10 11 12 13 14 15 16 17 18 19
1 2 3 4 5 6 7 8 9 10 11 12 13 14 15 16 17 18 19 20
2 3 4 5 6 7 8 9 10 11 12 13 14 15 16 17 18 19 20 1
3 4 5 6 7 8 9 10 11 12 13 14 15 16 17 18 19 20 1 2
4 5 6 7 8 9 10 11 12 13 14 15 16 17 18 19 20 1 2 3
5 6 7 8 9 10 11 12 13 14 15 16 17 18 19 20 1 2 3 4
6 7 8 9 10 11 12 13 14 15 16 17 18 19 20 1 2 3 4 5
7 8 9 10 11 12 13 14 15 16 17 18 19 20 1 2 3 4 5 6
8 9 10 11 12 13 14 15 16 17 18 19 20 1 2 3 4 5 6 7
9 10 11 12 13 14 15 16 17 18 19 20 1 2 3 4 5 6 7 8
10 11 12 13 14 15 16 17 18 19 20 1 2 3 4 5 6 7 8 9
11 12 13 14 15 16 17 18 19 20 1 2 3 4 5 6 7 8 9 10
12 13 14 15 16 17 18 19 20 1 2 3 4 5 6 7 8 9 10 11
13 14 15 16 17 18 19 20 1 2 3 4 5 6 7 8 9 10 11 12
14 15 16 17 18 19 20 1 2 3 4 5 6 7 8 9 10 11 12 13
15 16 17 18 19 20 1 2 3 4 5 6 7 8 9 10 11 12 13 14
16 17 18 19 20 1 2 3 4 5 6 7 8 9 10 11 12 13 14 15
17 18 19 20 1 2 3 4 5 6 7 8 9 10 11 12 13 14 15 16
18 19 20 1 2 3 4 5 6 7 8 9 10 11 12 13 14 15 16 17
19 20 1 2 3 4 5 6 7 8 9 10 11 12 13 14 15 16 17 18
20 1 2 3 4 5 6 7 8 9 10 11 12 13 14 15 16 17 18 19
1 2 3 4 5 6 7 8 9 10 11 12 13 14 15 16 17 18 19 20
2 3 4 5 6 7 8 9 10 11 12 13 14 15 16 17 18 19 20 1
3 4 5 6 7 8 9 10 11 12 13 14 15 16 17 18 19 20 1 2
4 5 6 7 8 9 10 11 12 13 14 15 16 17 18 19 20 1 2 3
5 6 7 8 9 10 11 12 13 14 15 16 17 18 19 20 1 2 3 4
6 7 8 9 10 11 12 13 14 15 16 17 18 19 20 1 2 3 4 5
7 8 9 10 11 12 13 14 15 16 17 18 19 20 1 2 3 4 5 6
8 9 10 11 12 13 14 15 16 17 18 19 20 1 2 3 4 5 6 7
9 10 11 12 13 14 15 16 17 18 19 20 1 2 3 4 5 6 7 8
10 11 12 13 14 15 16 17 18 19 20 1 2 3 4 5 6 7 8 9
11 12 13 14 15 16 17 18 19 20 1 2 3 4 5 6 7 8 9 10
12 13 14 15 16 17 18 19 20 1 2 3 4 5 6 7 8 9 10 11
13 14 15 16 17 18 19 20 1 2 3 4 5 6 7 8 9 10 11 12
14 15 16 17 18 19 20 1 2 3 4 5 6 7 8 9 10 11 12 13
15 16 17 18 19 20 1 2 3 4 5 6 7 8 9 10 11 12 13 14
16 17 18 19 20 1 2 3 4 5 6 7 8 9 10 11 12 13 14 15
17 18 19 20 1 2 3 4 5 6 7 8 9 10 11 12 13 14 15 16
18 19 20 1 2 3 4 5 6 7 8 9 10 11 12 13 14 15 16 17
19 20 1 2 3 4 5 6 7 8 9 10 11 12 13 14 15 16 17 18
20 1 2 3 4 5 6 7 8 9 10 11 12 13 14 15 16 17 18 19
1 2 3 4 5 6 7 8 9 10 11 12 13 14 15 16 17 18 19 20
2 3 4 5 6 7 8 9 10 11 12 13 14 15 16 17 18 19 20 1
3 4 5 6 7 8 9 10 11 12 13 14 15 16 17 18 19 20 1 2
4 5 6 7 8 9 10 11 12 13 14 15 16 17 18 19 20 1 2 3
5 6 7 8 9 10 11 12 13 14 15 16 17 18 19 20 1 2 3 4
6 7 8 9 10 11 12 13 14 15 16 17 18 19 20 1 2 3 4 5
7 8 9 10 11 12 13 14 15 16 17 18 19 20 1 2 3 4 5 6
8 9 10 11 12 13 14 15 16 17 18 19 20 1 2 3 4 5 6 7
9 10 11 12 13 14 15 16 17 18 19 20 1 2 3 4 5 6 7 8
10 11 12 13 14 15 16 17 18 19 20 1 2 3 4 5 6 7 8 9
11 12 13 14 15 16 17 18 19 20 1 2 3 4 5 6 7 8 9 10
12 13 14 15 16 17 18 19 20 1 2 3 4 5 6 7 8 9 10 11
13 14 15 16 17 18 19 20 1 2 3 4 5 6 7 8 9 10 11 12
14 15 16 17 18 19 20 1 2 3 4 5 6 7 8 9 10 11 12 13
15 16 17 18 19 20 1 2 3 4 5 6 7 8 9 10 11 12 13 14
16 17 18 19 20 1 2 3 4 5 6 7 8 9 10 11 12 13 14 15
17 18 19 20 1 2 3 4 5 6 7 8 9 10 11 12 13 14 15 16
18 19 20 1 2 3 4 5 6 7 8 9 10 11 12 13 14 15 16 17
19 20 1 2 3 4 5 6 7 8 9 10 11 12 13 14 15 16 17 18
20 1 2 3 4 5 6 7 8 9 10 11 12 13 14 15 16 17 18 19
1 2 3 4 5 6 7 8 9 10 11 12 13 14 15 16 17 18 19 20
2 3 4 5 6 7 8 9 10 11 12 13 14 15 16 17 18 19 20 1
3 4 5 6 7 8 9 10 11 12 13 14 15 16 17 18 19 20 1 2
4 5 6 7 8 9 10 11 12 13 14 15 16 17 18 19 20 1 2 3
5 6 7 8 9 10 11 12 13 14 15 16 17 18 19 20 1 2 3 4
6 7 8 9 10 11 12 13 14 15 16 17 18 19 20 1 2 3 4 5
7 8 9 10 11 12 13 14 15 16 17 18 19 20 1 2 3 4 5 6
8 9 10 11 12 13 14 15 16 17 18 19 20 1 2 3 4 5 6 7
9 10 11 12 13 14 15 16 17 18 19 20 1 2 3 4 5 6 7 8
10 11 12 13 14 15 16 17 18 19 20 1 2 3 4 5 6 7 8 9
11 12 13 14 15 16 17 18 19 20 1 2 3 4 5 6 7 8 9 10
12 13 14 15 16 17 18 19 20 1 2 3 4 5 6 7 8 9 10 11
13 14 15 16 17 18 19 20 1 2 3 4 5 6 7 8 9 10 11 12
14 15 16 17 18 19 20 1 2 3 4 5 6 7 8 9 10 11 12 13
15 16 17 18 19 20 1 2 3 4 5 6 7 8 9 10 11 12 13 14
16 17 18 19 20 1 2 3 4 5 6 7 8 9 10 11 12 13 14 15
17 18 19 20 1 2 3 4 5 6 7 8 9 10 11 12 13 14 15 16
18 19 20 1 2 3 4 5 6 7 8 9 10 11 12 13 14 15 16 17
19 20 1 2 3 4 5 6 7 8 9 10 11 12 13 14 15 16 17 18
20 1 2 3 4 5 6 7 8 9 10 11 12 13 14 15 16 17 18 19
1 2 3 4 5 6 7 8 9 10 11 12 13 14 15 16 17 18 19 20
2 3 4 5 6 7 8 9 10 11 12 13 14 15 16 17 18 19 20 1
3 4 5 6 7 8 9 10 11 12 13 14 15 16 17 18 19 20 1 2
4 5 6 7 8 9 10 11 12 13 14 15 16 17 18 19 20 1 2 3
5 6 7 8 9 10 11 12 13 14 15 16 17 18 19 20 1 2 3 4
6 7 8 9 10 11 12 13 14 15 16 17 18 19 20 1 2 3 4 5
7 8 9 10 11 12 13 14 15 16 17 18 19 20 1 2 3 4 5 6
8 9 10 11 12 13 14 15 16 17 18 19 20 1 2 3 4 5 6 7
9 10 11 12 13 14 15 16 17 18 19 20 1 2 3 4 5 6 7 8
10 11 12 13 14 15 16 17 18 19 20 1 2 3 4 5 6 7 8 9
11 12 13 14 15 16 17 18 19 20 1 2 3 4 5 6 7 8 9 10
12 13 14 15 16 17 18 19 20 1 2 3 4 5 6 7 8 9 10 11
13 14 15 16 17 18 19 20 1 2 3 4 5 6 7 8 9 10 11 12
14 15 16 17 18 19 20 1 2 3 4 5 6 7 8 9 10 11 12 13
15 16 17 18 19 20 1 2 3 4 5 6 7 8 9 10 11 12 13 14
16 17 18 19 20 1 2 3 4 5 6 7 8 9 10 11 12 13 14 15
17 18 19 20 1 2 3 4 5 6 7 8 9 10 11 12 13 14 15 16
18 19 20 1 2 3 4 5 6 7 8 9 10 11 12 13 14 15 16 17
19 20 1 2 3 4 5 6 7 8 9 10 11 12 13 14 15 16 17 18
20 1 2 3 4 5 6 7 8 9 10 11 12 13 14 15 16 17 18 19
1 2 3 4 5 6 7 8 9 10 11 12 13 14 15 16 17 18 19 20
2 3 4 5 6 7 8 9 10 11 12 13 14 15 16 17 18 19 20 1
3 4 5 6 7 8 9 10 11 12 13 14 15 16 17 18 19 20 1 2
4 5 6 7 8 9 10 11 12 13 14 15 16 17 18 19 20 1 2 3
5 6 7 8 9 10 11 12 13 14 15 16 17 18 19 20 1 2 3 4
6 7 8 9 10 11 12 13 14 15 16 17 18 19 20 1 2 3 4 5
7 8 9 10 11 12 13 14 15 16 17 18 19 20 1 2 3 4 5 6
8 9 10 11 12 13 14 15 16 17 18 19 20 1 2 3 4 5 6 7
9 10 11 12 13 14 15 16 17 18 19 20 1 2 3 4 5 6 7 8
10 11 12 13 14 15 16 17 18 19 20 1 2 3 4 5 6 7 8 9
11 12 13 14 15 16 17 18 19 20 1 2 3 4 5 6 7 8 9 10
12 13 14 15 16 17 18 19 20 1 2 3 4 5 6 7 8 9 10 11
13 14 15 16 17 18 19 20 1 2 3 4 5 6 7 8 9 10 11 12
14 15 16 17 18 19 20 1 2 3 4 5 6 7 8 9 10 11 12 13
15 16 17 18 19 20 1 2 3 4 5 6 7 8 9 10 11 12 13 14
16 17 18 19 20 1 2 3 4 5 6 7 8 9 10 11 12 13 14 15
17 18 19 20 1 2 3 4 5 6 7 8 9 10 11 12 13 14 15 16
18 19 20 1 2 3 4 5 6 7 8 9 10 11 12 13 14 15 16 17
19 20 1 2 3 4 5 6 7 8 9 10 11 12 13 14 15 16 17 18
20 1 2 3 4 5 6 7 8 9 10 11 12 13 14 15 16 17 18 19
1 2 3 4 5 6 7 8 9 10 11 12 13 14 15 16 17 18 19 20
2 3 4 5 6 7 8 9 10 11 12 13 14 15 16 17 18 19 20 1
3 4 5 6 7 8 9 10 11 12 13 14 15 16 17 18 19 20 1 2
4 5 6 7 8 9 10 11 12 13 14 15 16 17 18 19 20 1 2 3
5 6 7 8 9 10 11 12 13 14 15 16 17 18 19 20 1 2 3 4
6 7 8 9 10 11 12 13 14 15 16 17 18 19 20 1 2 3 4 5
7 8 9 10 11 12 13 14 15 16 17 18 19 20 1 2 3 4 5 6
8 9 10 11 12 13 14 15 16 17 18 19 20 1 2 3 4 5 6 7
9 10 11 12 13 14 15 16 17 18 19 20 1 2 3 4 5 6 7 8
10 11 12 13 14 15 16 17 18 19 20 1 2 3 4 5 6 7 8 9
11 12 13 14 15 16 17 18 19 20 1 2 3 4 5 6 7 8 9 10
12 13 14 15 16 17 18 19 20 1 2 3 4 5 6 7 8 9 10 11
13 14 15 16 17 18 19 20 1 2 3 4 5 6 7 8 9 10 11 12
14 15 16 17 18 19 20 1 2 3 4 5 6 7 8 9 10 11 12 13
15 16 17 18 19 20 1 2 3 4 5 6 7 8 9 10 11 12 13 14
16 17 18 19 20 1 2 3 4 5 6 7 8 9 10 11 12 13 14 15
17 18 19 20 1 2 3 4 5 6 7 8 9 10 11 12 13 14 15 16
18 19 20 1 2 3 4 5 6 7 8 9 10 11 12 13 14 15 16 17
19 20 1 2 3 4 5 6 7 8 9 10 11 12 13 14 15 16 17 18
20 1 2 3 4 5 6 7 8 9 10 11 12 13 14 15 16 17 18 19
1 2 3 4 5 6 7 8 9 10 11 12 13 14 15 16 17 18 19 20
2 3 4 5 6 7 8 9 10 11 12 13 14 15 16 17 18 19 20 1
3 4 5 6 7 8 9 10 11 12 13 14 15 16 17 18 19 20 1 2
4 5 6 7 8 9 10 11 12 13 14 15 16 17 18 19 20 1 2 3
5 6 7 8 9 10 11 12 13 14 15 16 17 18 19 20 1 2 3 4
6 7 8 9 10 11 12 13 14 15 16 17 18 19 20 1 2 3 4 5
7 8 9 10 11 12 13 14 15 16 17 18 19 20 1 2 3 4 5 6
8 9 10 11 12 13 14 15 16 17 18 19 20 1 2 3 4 5 6 7
9 10 11 12 13 14 15 16 17 18 19 20 1 2 3 4 5 6 7 8
10 11 12 13 14 15 16 17 18 19 20 1 2 3 4 5 6 7 8 9
11 12 13 14 15 16 17 18 19 20 1 2 3 4 5 6 7 8 9 10
12 13 14 15 16 17 18 19 20 1 2 3 4 5 6 7 8 9 10 11
13 14 15 16 17 18 19 20 1 2 3 4 5 6 7 8 9 10 11 12
14 15 16 17 18 19 20 1 2 3 4 5 6 7 8 9 10 11 12 13
15 16 17 18 19 20 1 2 3 4 5 6 7 8 9 10 11 12 13 14
16 17 18 19 20 1 2 3 4 5 6 7 8 9 10 11 12 13 14 15
17 18 19 20 1 2 3 4 5 6 7 8 9 10 11 12 13 14 15 16
18 19 20 1 2 3 4 5 6 7 8 9 10 11 12 13 14 15 16 17
19 20 1 2 3 4 5 6 7 8 9 10 11 12 13 14 15 16 17 18
20 1 2 3 4 5 6 7 8 9 10 11 12 13 14 15 16 17 18 19
1 2 3 4 5 6 7 8 9 10 11 12 13 14 15 16 17 18 19 20
2 3 4 5 6 7 8 9 10 11 12 13 14 15 16 17 18 19 20 1
3 4 5 6 7 8 9 10 11 12 13 14 15 16 17 18 19 20 1 2
4 5 6 7 8 9 10 11 12 13 14 15 16 17 18 19 20 1 2 3
5 6 7 8 9 10 11 12 13 14 15 16 17 18 19 20 1 2 3 4
6 7 8 9 10 11 12 13 14 15 16 17 18 19 20 1 2 3 4 5
7 8 9 10 11 12 13 14 15 16 17 18 19 20 1 2 3 4 5 6
8 9 10 11 12 13 14 15 16 17 18 19 20 1 2 3 4 5 6 7
9 10 11 12 13 14 15 16 17 18 19 20 1 2 3 4 5 6 7 8
10 11 12 13 14 15 16 17 18 19 20 1 2 3 4 5 6 7 8 9
11 12 13 14 15 16 17 18 19 20 1 2 3 4 5 6 7 8 9 10
12 13 14 15 16 17 18 19 20 1 2 3 4 5 6 7 8 9 10 11
13 14 15 16 17 18 19 20 1 2 3 4 5 6 7 8 9 10 11 12
14 15 16 17 18 19 20 1 2 3 4 5 6 7 8 9 10 11 12 13
15 16 17 18 19 20 1 2 3 4 5 6 7 8 9 10 11 12 13 14
16 17 18 19 20 1 2 3 4 5 6 7 8 9 10 11 12 13 14 15
17 18 19 20 1 2 3 4 5 6 7 8 9 10 11 12 13 14 15 16
18 19 20 1 2 3 4 5 6 7 8 9 10 11 12 13 14 15 16 17
19 20 1 2 3 4 5 6 7 8 9 10 11 12 13 14 15 16 17 18
20 1 2 3 4 5 6 7 8 9 10 11 12 13 14 15 16 17 18 19
1 2 3 4 5 6 7 8 9 10 11 12 13 14 15 16 17 18 19 20
2 3 4 5 6 7 8 9 10 11 12 13 14 15 16 17 18 19 20 1
3 4 5 6 7 8 9 10 11 12 13 14 15 16 17 18 19 20 1 2
4 5 6 7 8 9 10 11 12 13 14 15 16 17 18 19 20 1 2 3
5 6 7 8 9 10 11 12 13 14 15 16 17 18 19 20 1 2 3 4
6 7 8 9 10 11 12 13 14 15 16 17 18 19 20 1 2 3 4 5
7 8 9 10 11 12 13 14 15 16 17 18 19 20 1 2 3 4 5 6
8 9 10 11 12 13 14 15 16 17 18 19 20 1 2 3 4 5 6 7
9 10 11 12 13 14 15 16 17 18 19 20 1 2 3 4 5 6 7 8
10 11 12 13 14 15 16 17 18 19 20 1 2 3 4 5 6 7 8 9
11 12 13 14 15 16 17 18 19 20 1 2 3 4 5 6 7 8 9 10
12 13 14 15 16 17 18 19 20 1 2 3 4 5 6 7 8 9 10 11
13 14 15 16 17 18 19 20 1 2 3 4 5 6 7 8 9 10 11 12
14 15 16 17 18 19 20 1 2 3 4 5 6 7 8 9 10 11 12 13
15 16 17 18 19 20 1 2 3 4 5 6 7 8 9 10 11 12 13 14
16 17 18 19 20 1 2 3 4 5 6 7 8 9 10 11 12 13 14 15
17 18 19 20 1 2 3 4 5 6 7 8 9 10 11 12 13 14 15 16
18 19 20 1 2 3 4 5 6 7 8 9 10 11 12 13 14 15 16 17
19 20 1 2 3 4 5 6 7 8 9 10 11 12 13 14 15 16 17 18
20 1 2 3 4 5 6 7 8 9 10 11 12 13 14 15 16 17 18 19
1 2 3 4 5 6 7 8 9 10 11 12 13 14 15 16 17 18 19 20
2 3 4 5 6 7 8 9 10 11 12 13 14 15 16 17 18 19 20 1
3 4 5 6 7 8 9 10 11 12 13 14 15 16 17 18 19 20 1 2
4 5 6 7 8 9 10 11 12 13 14 15 16 17 18 19 20 1 2 3
5 6 7 8 9 10 11 12 13 14 15 16 17 18 19 20 1 2 3 4
6 7 8 9 10 11 12 13 14 15 16 17 18 19 20 1 2 3 4 5
7 8 9 10 11 12 13 14 15 16 17 18 19 20 1 2 3 4 5 6
8 9 10 11 12 13 14 15 16 17 18 19 20 1 2 3 4 5 6 7
9 10 11 12 13 14 15 16 17 18 19 20 1 2 3 4 5 6 7 8
10 11 12 13 14 15 16 17 18 19 20 1 2 3 4 5 6 7 8 9
11 12 13 14 15 16 17 18 19 20 1 2 3 4 5 6 7 8 9 10
12 13 14 15 16 17 18 19 20 1 2 3 4 5 6 7 8 9 10 11
13 14 15 16 17 18 19 20 1 2 3 4 5 6 7 8 9 10 11 12
14 15 16 17 18 19 20 1 2 3 4 5 6 7 8 9 10 11 12 13
15 16 17 18 19 20 1 2 3 4 5 6 7 8 9 10 11 12 13 14
16 17 18 19 20 1 2 3 4 5 6 7 8 9 10 11 12 13 14 15
17 18 19 20 1 2 3 4 5 6 7 8 9 10 11 12 13 14 15 16
18 19 20 1 2 3 4 5 6 7 8 9 10 11 12 13 14 15 16 17
19 20 1 2 3 4 5 6 7 8 9 10 11 12 13 14 15 16 17 18
20 1 2 3 4 5 6 7 8 9 10 11 12 13 14 15 16 17 18 19
1 2 3 4 5 6 7 8 9 10 11 12 13 14 15 16 17 18 19 20
2 3 4 5 6 7 8 9 10 11 12 13 14 15 16 17 18 19 20 1
3 4 5 6 7 8 9 10 11 12 13 14 15 16 17 18 19 20 1 2
4 5 6 7 8 9 10 11 12 13 14 15 16 17 18 19 20 1 2 3
5 6 7 8 9 10 11 12 13 14 15 16 17 18 19 20 1 2 3 4
6 7 8 9 10 11 12 13 14 15 16 17 18 19 20 1 2 3 4 5
7 8 9 10 11 12 13 14 15 16 17 18 19 20 1 2 3 4 5 6
8 9 10 11 12 13 14 15 16 17 18 19 20 1 2 3 4 5 6 7
9 10 11 12 13 14 15 16 17 18 19 20 1 2 3 4 5 6 7 8
10 11 12 13 14 15 16 17 18 19 20 1 2 3 4 5 6 7 8 9
11 12 13 14 15 16 17 18 19 20 1 2 3 4 5 6 7 8 9 10
12 13 14 15 16 17 18 19 20 1 2 3 4 5 6 7 8 9 10 11
13 14 15 16 17 18 19 20 1 2 3 4 5 6 7 8 9 10 11 12
14 15 16 17 18 19 20 1 2 3 4 5 6 7 8 9 10 11 12 13
15 16 17 18 19 20 1 2 3 4 5 6 7 8 9 10 11 12 13 14
16 17 18 19 20 1 2 3 4 5 6 7 8 9 10 11 12 13 14 15
17 18 19 20 1 2 3 4 5 6 7 8 9 10 11 12 13 14 15 16
18 19 20 1 2 3 4 5 6 7 8 9 10 11 12 13 14 15 16 17
19 20 1 2 3 4 5 6 7 8 9 10 11 12 13 14 15 16 17 18
20 1 2 3 4 5 6 7 8 9 10 11 12 13 14 15 16 17 18 19
1 2 3 4 5 6 7 8 9 10 11 12 13 14 15 16 17 18 19 20
2 3 4 5 6 7 8 9 10 11 12 13 14 15 16 17 18 19 20 1
3 4 5 6 7 8 9 10 11 12 13 14 15 16 17 18 19 20 1 2
4 5 6 7 8 9 10 11 12 13 14 15 16 17 18 19 20 1 2 3
5 6 7 8 9 10 11 12 13 14 15 16 17 18 19 20 1 2 3 4
6 7 8 9 10 11 12 13 14 15 16 17 18 19 20 1 2 3 4 5
7 8 9 10 11 12 13 14 15 16 17 18 19 20 1 2 3 4 5 6
8 9 10 11 12 13 14 15 16 17 18 19 20 1 2 3 4 5 6 7
9 10 11 12 13 14 15 16 17 18 19 20 1 2 3 4 5 6 7 8
10 11 12 13 14 15 16 17 18 19 20 1 2 3 4 5 6 7 8 9
11 12 13 14 15 16 17 18 19 20 1 2 3 4 5 6 7 8 9 10
12 13 14 15 16 17 18 19 20 1 2 3 4 5 6 7 8 9 10 11
13 14 15 16 17 18 19 20 1 2 3 4 5 6 7 8 9 10 11 12
14 15 16 17 18 19 20 1 2 3 4 5 6 7 8 9 10 11 12 13
15 16 17 18 19 20 1 2 3 4 5 6 7 8 9 10 11 12 13 14
16 17 18 19 20 1 2 3 4 5 6 7 8 9 10 11 12 13 14 15
17 18 19 20 1 2 3 4 5 6 7 8 9 10 11 12 13 14 15 16
18 19 20 1 2 3 4 5 6 7 8 9 10 11 12 13 14 15 16 17
19 20 1 2 3 4 5 6 7 8 9 10 11 12 13 14 15 16 17 18
20 1 2 3 4 5 6 7 8 9 10 11 12 13 14 15 16 17 18 19
1 2 3 4 5 6 7 8 9 10 11 12 13 14 15 16 17 18 19 20
2 3 4 5 6 7 8 9 10 11 12 13 14 15 16 17 18 19 20 1
3 4 5 6 7 8 9 10 11 12 13 14 15 16 17 18 19 20 1 2
4 5 6 7 8 9 10 11 12 13 14 15 16 17 18 19 20 1 2 3
5 6 7 8 9 10 11 12 13 14 15 16 17 18 19 20 1 2 3 4
6 7 8 9 10 11 12 13 14 15 16 17 18 19 20 1 2 3 4 5
7 8 9 10 11 12 13 14 15 16 17 18 19 20 1 2 3 4 5 6
8 9 10 11 12 13 14 15 16 17 18 19 20 1 2 3 4 5 6 7
9 10 11 12 13 14 15 16 17 18 19 20 1 2 3 4 5 6 7 8
10 11 12 13 14 15 16 17 18 19 20 1 2 3 4 5 6 7 8 9
11 12 13 14 15 16 17 18 19 20 1 2 3 4 5 6 7 8 9 10
12 13 14 15 16 17 18 19 20 1 2 3 4 5 6 7 8 9 10 11
13 14 15 16 17 18 19 20 1 2 3 4 5 6 7 8 9 10 11 12
14 15 16 17 18 19 20 1 2 3 4 5 6 7 8 9 10 11 12 13
15 16 17 18 19 20 1 2 3 4 5 6 7 8 9 10 11 12 13 14
16 17 18 19 20 1 2 3 4 5 6 7 8 9 10 11 12 13 14 15
17 18 19 20 1 2 3 4 5 6 7 8 9 10 11 12 13 14 15 16
18 19 20 1 2 3 4 5 6 7 8 9 10 11 12 13 14 15 16 17
19 20 1 2 3 4 5 6 7 8 9 10 11 12 13 14 15 16 17 18
20 1 2 3 4 5 6 7 8 9 10 11 12 13 14 15 16 17 18 19
1 2 3 4 5 6 7 8 9 10 11 12 13 14 15 16 17 18 19 20
2 3 4 5 6 7 8 9 10 11 12 13 14 15 16 17 18 19 20 1
3 4 5 6 7 8 9 10 11 12 13 14 15 16 17 18 19 20 1 2
4 5 6 7 8 9 10 11 12 13 14 15 16 17 18 19 20 1 2 3
5 6 7 8 9 10 11 12 13 14 15 16 17 18 19 20 1 2 3 4
6 7 8 9 10 11 12 13 14 15 16 17 18 19 20 1 2 3 4 5
7 8 9 10 11 12 13 14 15 16 17 18 19 20 1 2 3 4 5 6
8 9 10 11 12 13 14 15 16 17 18 19 20 1 2 3 4 5 6 7
9 10 11 12 13 14 15 16 17 18 19 20 1 2 3 4 5 6 7 8
10 11 12 13 14 15 16 17 18 19 20 1 2 3 4 5 6 7 8 9
11 12 13 14 15 16 17 18 19 20 1 2 3 4 5 6 7 8 9 10
12 13 14 15 16 17 18 19 20 1 2 3 4 5 6 7 8 9 10 11
13 14 15 16 17 18 19 20 1 2 3 4 5 6 7 8 9 10 11 12
14 15 16 17 18 19 20 1 2 3 4 5 6 7 8 9 10 11 12 13
15 16 17 18 19 20 1 2 3 4 5 6 7 8 9 10 11 12 13 14
16 17 18 19 20 1 2 3 4 5 6 7 8 9 10 11 12 13 14 15
17 18 19 20 1 2 3 4 5 6 7 8 9 10 11 12 13 14 15 16
18 19 20 1 2 3 4 5 6 7 8 9 10 11 12 13 14 15 16 17
19 20 1 2 3 4 5 6 7 8 9 10 11 12 13 14 15 16 17 18
20 1 2 3 4 5 6 7 8 9 10 11 12 13 14 15 16 17 18 19

20
a should win
b
c
d
e
f
g
h
i
j
k
l
m
n
o
p
q
r
s
t
1 2 3 4 5 6 7 8 9 10 11 12 13 14 15 16 17 18 19 20
2 3 4 5 6 7 8 9 10 11 12 13 14 15 16 17 18 19 20 1
3 4 5 6 7 8 9 10 11 12 13 14 15 16 17 18 19 20 1 2
4 5 6 7 8 9 10 11 12 13 14 15 16 17 18 19 20 1 2 3
5 6 7 8 9 10 11 12 13 14 15 16 17 18 19 20 1 2 3 4
6 7 8 9 10 11 12 13 14 15 16 17 18 19 20 1 2 3 4 5
7 8 9 10 11 12 13 14 15 16 17 18 19 20 1 2 3 4 5 6
8 9 10 11 12 13 14 15 16 17 18 19 20 1 2 3 4 5 6 7
9 10 11 12 13 14 15 16 17 18 19 20 1 2 3 4 5 6 7 8
10 11 12 13 14 15 16 17 18 19 20 1 2 3 4 5 6 7 8 9
11 12 13 14 15 16 17 18 19 20 1 2 3 4 5 6 7 8 9 10
12 13 14 15 16 17 18 19 20 1 2 3 4 5 6 7 8 9 10 11
13 14 15 16 17 18 19 20 1 2 3 4 5 6 7 8 9 10 11 12
14 15 16 17 18 19 20 1 2 3 4 5 6 7 8 9 10 11 12 13
15 16 17 18 19 20 1 2 3 4 5 6 7 8 9 10 11 12 13 14
16 17 18 19 20 1 2 3 4 5 6 7 8 9 10 11 12 13 14 15
17 18 19 20 1 2 3 4 5 6 7 8 9 10 11 12 13 14 15 16
18 19 20 1 2 3 4 5 6 7 8 9 10 11 12 13 14 15 16 17
19 20 1 2 3 4 5 6 7 8 9 10 11 12 13 14 15 16 17 18
20 1 2 3 4 5 6 7 8 9 10 11 12 13 14 15 16 17 18 19
1 2 3 4 5 6 7 8 9 10 11 12 13 14 15 16 17 18 19 20

20
a should win
b should win
c
d
e
f
g
h
i
j
k
l
m
n
o
p
q
r
s
t
1 2 3 4 5 6 7 8 9 10 11 12 13 14 15 16 17 18 19 20
2 3 4 5 6 7 8 9 10 11 12 13 14 15 16 17 18 19 20 1
1 2 3 4 5 6 7 8 9 10 11 12 13 14 15 16 17 18 19 20
2 3 4 5 6 7 8 9 10 11 12 13 14 15 16 17 18 19 20 1
1 2 3 4 5 6 7 8 9 10 11 12 13 14 15 16 17 18 19 20
2 3 4 5 6 7 8 9 10 11 12 13 14 15 16 17 18 19 20 1
1 2 3 4 5 6 7 8 9 10 11 12 13 14 15 16 17 18 19 20
2 3 4 5 6 7 8 9 10 11 12 13 14 15 16 17 18 19 20 1
1 2 3 4 5 6 7 8 9 10 11 12 13 14 15 16 17 18 19 20
2 3 4 5 6 7 8 9 10 11 12 13 14 15 16 17 18 19 20 1
1 2 3 4 5 6 7 8 9 10 11 12 13 14 15 16 17 18 19 20
2 3 4 5 6 7 8 9 10 11 12 13 14 15 16 17 18 19 20 1
1 2 3 4 5 6 7 8 9 10 11 12 13 14 15 16 17 18 19 20
2 3 4 5 6 7 8 9 10 11 12 13 14 15 16 17 18 19 20 1
1 2 3 4 5 6 7 8 9 10 11 12 13 14 15 16 17 18 19 20
2 3 4 5 6 7 8 9 10 11 12 13 14 15 16 17 18 19 20 1
1 2 3 4 5 6 7 8 9 10 11 12 13 14 15 16 17 18 19 20
2 3 4 5 6 7 8 9 10 11 12 13 14 15 16 17 18 19 20 1
1 2 3 4 5 6 7 8 9 10 11 12 13 14 15 16 17 18 19 20
2 3 4 5 6 7 8 9 10 11 12 13 14 15 16 17 18 19 20 1
1 2 3 4 5 6 7 8 9 10 11 12 13 14 15 16 17 18 19 20
2 3 4 5 6 7 8 9 10 11 12 13 14 15 16 17 18 19 20 1
1 2 3 4 5 6 7 8 9 10 11 12 13 14 15 16 17 18 19 20
2 3 4 5 6 7 8 9 10 11 12 13 14 15 16 17 18 19 20 1
1 2 3 4 5 6 7 8 9 10 11 12 13 14 15 16 17 18 19 20
2 3 4 5 6 7 8 9 10 11 12 13 14 15 16 17 18 19 20 1
1 2 3 4 5 6 7 8 9 10 11 12 13 14 15 16 17 18 19 20
2 3 4 5 6 7 8 9 10 11 12 13 14 15 16 17 18 19 20 1
1 2 3 4 5 6 7 8 9 10 11 12 13 14 15 16 17 18 19 20
2 3 4 5 6 7 8 9 10 11 12 13 14 15 16 17 18 19 20 1
1 2 3 4 5 6 7 8 9 10 11 12 13 14 15 16 17 18 19 20
2 3 4 5 6 7 8 9 10 11 12 13 14 15 16 17 18 19 20 1
1 2 3 4 5 6 7 8 9 10 11 12 13 14 15 16 17 18 19 20
2 3 4 5 6 7 8 9 10 11 12 13 14 15 16 17 18 19 20 1
1 2 3 4 5 6 7 8 9 10 11 12 13 14 15 16 17 18 19 20
2 3 4 5 6 7 8 9 10 11 12 13 14 15 16 17 18 19 20 1
1 2 3 4 5 6 7 8 9 10 11 12 13 14 15 16 17 18 19 20
2 3 4 5 6 7 8 9 10 11 12 13 14 15 16 17 18 19 20 1
1 2 3 4 5 6 7 8 9 10 11 12 13 14 15 16 17 18 19 20
2 3 4 5 6 7 8 9 10 11 12 13 14 15 16 17 18 19 20 1
1 2 3 4 5 6 7 8 9 10 11 12 13 14 15 16 17 18 19 20
2 3 4 5 6 7 8 9 10 11 12 13 14 15 16 17 18 19 20 1
1 2 3 4 5 6 7 8 9 10 11 12 13 14 15 16 17 18 19 20
2 3 4 5 6 7 8 9 10 11 12 13 14 15 16 17 18 19 20 1
1 2 3 4 5 6 7 8 9 10 11 12 13 14 15 16 17 18 19 20
2 3 4 5 6 7 8 9 10 11 12 13 14 15 16 17 18 19 20 1
1 2 3 4 5 6 7 8 9 10 11 12 13 14 15 16 17 18 19 20
2 3 4 5 6 7 8 9 10 11 12 13 14 15 16 17 18 19 20 1
1 2 3 4 5 6 7 8 9 10 11 12 13 14 15 16 17 18 19 20
2 3 4 5 6 7 8 9 10 11 12 13 14 15 16 17 18 19 20 1
1 2 3 4 5 6 7 8 9 10 11 12 13 14 15 16 17 18 19 20
2 3 4 5 6 7 8 9 10 11 12 13 14 15 16 17 18 19 20 1
1 2 3 4 5 6 7 8 9 10 11 12 13 14 15 16 17 18 19 20
2 3 4 5 6 7 8 9 10 11 12 13 14 15 16 17 18 19 20 1
1 2 3 4 5 6 7 8 9 10 11 12 13 14 15 16 17 18 19 20
2 3 4 5 6 7 8 9 10 11 12 13 14 15 16 17 18 19 20 1
1 2 3 4 5 6 7 8 9 10 11 12 13 14 15 16 17 18 19 20
2 3 4 5 6 7 8 9 10 11 12 13 14 15 16 17 18 19 20 1
1 2 3 4 5 6 7 8 9 10 11 12 13 14 15 16 17 18 19 20
2 3 4 5 6 7 8 9 10 11 12 13 14 15 16 17 18 19 20 1
