10

5
John Doe
Jane Smith
Sirhan Sirhan
Yoshi Nakada
Keiko Nakada
1 2 3 4 5
1 2 3 4 5
1 3 2 4 5
2 1 3 4 5
2 1 3 4 5
2 3 4 1 5
3 2 4 1 5
3 2 4 1 5
4 1 2 3 5
5 1 2 3 4


6
a
b
c
d
e
f
3 2 5 1 6 4
5 3 2 4 1 6
1 3 5 4 2 6
1 3 5 6 4 2
1 3 6 4 5 2
4 3 1 6 5 2
6 3 4 2 1 5
2 3 4 5 1 6
3 1 4 5 2 6
5 6 4 3 2 1
4 5 1 2 3 6
6 5 4 3 1 2
1 5 2 6 4 3
3 2 1 6 5 4
6 1 5 3 4 2
1 3 4 2 5 6
4 3 1 6 5 2


10
a
b
c
d
e
f
g
h
i
j
8 5 3 10 2 9 4 6 1 7
8 10 5 2 1 6 4 7 3 9
10 8 4 6 5 7 2 1 3 9
5 10 3 4 1 9 8 7 6 2
9 10 8 1 3 5 2 7 4 6
9 3 1 8 10 5 7 2 6 4
6 10 4 2 8 7 3 9 5 1
7 2 4 6 1 8 3 9 10 5
4 5 1 3 2 6 7 8 10 9
4 6 5 2 9 8 3 1 10 7
2 4 1 5 3 7 8 10 6 9
9 8 2 6 10 3 5 7 1 4
10 3 9 2 7 8 6 5 1 4
4 1 5 7 10 9 6 3 2 8
6 5 3 1 8 2 7 10 9 4
6 3 4 8 5 7 1 10 9 2
3 6 2 5 9 4 8 10 1 7
5 10 7 4 2 3 9 1 8 6
6 3 1 4 2 5 9 7 8 10


13
a
b
c
d
e
f
g
h
i
j
k
l
m
1 2 7 9 5 11 13 4 6 10 8 12 3
1 4 7 9 2 10 3 13 6 5 8 12 11
1 4 9 6 7 10 5 12 3 8 2 11 13
9 8 11 2 6 4 5 1 12 7 3 10 13
1 2 7 13 11 3 5 8 6 9 12 10 4
12 9 6 1 4 5 7 10 11 3 13 8 2
12 4 10 11 2 1 7 3 9 13 6 8 5
12 3 11 13 8 4 7 9 6 2 1 10 5
5 10 11 8 3 2 13 9 7 4 12 6 1
11 13 12 5 8 3 4 2 9 6 7 10 1
9 13 8 5 10 3 7 1 4 6 11 12 2
9 6 3 1 7 10 2 8 4 11 13 12 5
3 6 9 1 7 13 4 8 12 11 10 2 5


11
a
b
c
d
e
f
g
h
i
j
k
2 10 6 4 11 5 1 8 9 7 3
7 10 11 1 4 5 8 6 9 3 2
3 8 2 5 4 6 1 9 11 7 10
9 8 3 6 7 11 4 1 2 5 10
2 7 1 6 10 11 4 3 8 9 5
7 1 11 5 2 9 8 3 6 10 4
9 4 6 2 3 1 11 7 10 5 8
5 10 6 1 3 7 4 11 2 9 8
1 9 6 7 3 4 8 5 2 10 11
11 5 6 7 4 2 10 1 8 9 3
1 2 7 8 9 11 10 6 4 5 3
1 8 7 4 11 10 6 5 2 9 3


12
a
b
c
d
e
f
g
h
i
j
k
l
12 10 9 4 2 7 5 11 3 1 8 6
7 12 9 8 2 4 10 6 5 11 3 1
1 5 7 8 2 4 12 3 6 11 10 9
1 3 11 8 2 12 7 5 6 9 4 10
3 1 11 8 12 6 7 2 5 9 4 10
9 1 11 7 12 5 3 6 8 2 4 10
1 2 11 8 9 5 12 3 10 7 4 6
5 7 12 6 8 2 4 3 10 11 1 9
12 7 8 9 10 6 11 5 3 4 2 1
10 8 6 9 7 12 1 3 11 2 4 5
7 6 10 8 12 9 3 1 11 2 4 5
1 10 7 5 3 9 11 6 12 2 4 8
12 4 11 5 1 2 8 7 10 3 6 9
2 1 5 12 11 8 4 7 10 3 6 9
11 9 7 5 6 8 4 1 10 2 12 3
2 9 8 7 6 3 5 1 10 12 11 4
1 5 3 2 6 10 7 11 9 12 8 4
1 8 6 3 4 11 10 5 12 9 7 2


6
a
b
c
d
e
f
4 6 5 1 2 3
4 3 2 1 5 6
1 6 3 5 4 2
5 6 2 1 4 3
3 5 2 6 1 4
1 5 2 6 4 3
6 1 2 5 4 3
2 3 6 5 4 1
1 2 5 4 6 3
4 1 6 3 5 2
4 5 3 6 1 2
4 2 5 3 6 1


6
a
b
c
d
e
f
2 5 1 6 3 4
6 4 5 2 1 3
1 3 4 2 5 6
5 3 6 2 1 4
5 4 3 1 6 2
5 1 3 4 2 6
1 3 4 2 5 6
6 5 4 3 1 2
1 2 4 3 6 5
1 4 2 5 6 3
6 1 3 4 5 2
4 2 5 3 6 1
5 4 2 1 3 6
2 6 1 3 5 4
2 4 1 3 6 5
5 6 4 1 3 2
3 2 1 5 4 6


20
a
b
c
d
e
f
g
h
i
j
k
l
m
n
o
p
q
r
s
t
15 6 2 4 10 8 7 12 9 5 11 17 14 13 1 19 3 18 16 20
15 1 18 2 14 8 17 13 10 5 11 6 12 9 4 3 20 19 16 7
5 9 15 17 18 10 7 13 2 14 8 4 12 1 20 3 6 19 16 11
5 6 16 19 12 14 9 13 2 18 3 4 17 7 20 1 10 8 11 15
5 2 12 7 9 18 1 8 19 11 16 6 4 3 13 20 10 17 14 15
14 6 15 19 16 18 1 8 17 11 20 10 4 7 5 2 12 9 13 3
10 20 3 16 7 12 1 19 8 15 6 14 4 9 11 18 13 17 2 5
2 15 20 11 7 12 1 9 8 13 5 18 3 16 19 14 10 17 4 6
15 20 4 5 1 12 8 9 14 18 11 10 2 13 3 16 19 6 7 17
15 5 12 4 1 16 6 9 19 3 11 10 18 13 20 14 8 2 7 17
7 17 19 18 1 2 13 8 12 6 11 3 16 14 5 20 10 9 15 4
7 6 2 18 19 12 10 8 16 1 14 3 15 4 5 11 13 9 17 20
7 6 8 18 9 14 4 5 17 12 1 16 19 3 15 11 13 20 2 10
8 9 4 17 3 7 5 10 19 12 18 1 16 6 15 11 13 20 2 14
11 9 15 17 5 10 18 7 19 12 13 1 16 4 2 6 8 20 14 3
12 9 7 19 14 2 10 15 16 18 20 1 11 4 13 8 6 17 3 5
19 8 18 16 17 3 1 10 7 12 2 4 11 15 13 9 20 6 14 5
4 6 18 10 9 11 1 8 7 12 5 2 20 15 13 3 14 17 19 16
4 11 15 6 13 10 17 8 7 12 5 14 9 1 16 20 3 18 19 2
4 10 8 2 13 15 20 7 9 18 14 16 6 1 17 11 3 12 19 5
4 3 16 15 1 17 20 7 8 18 14 11 6 9 12 10 2 13 19 5
18 19 16 14 3 10 20 7 5 15 13 8 17 12 9 4 2 11 1 6
2 3 16 4 7 10 14 17 13 18 1 8 6 11 12 20 15 19 5 9
17 4 2 16 7 20 3 5 11 8 6 13 14 18 12 10 15 19 9 1
18 4 1 16 9 17 14 6 8 10 3 13 5 7 12 20 15 19 11 2
14 11 6 4 9 20 3 12 16 18 1 13 5 7 10 17 15 8 19 2
14 16 11 2 6 13 20 12 9 4 1 19 5 3 10 18 7 17 8 15
14 1 8 2 4 9 17 12 5 6 11 20 10 3 16 19 18 13 7 15
7 19 18 13 2 9 17 12 14 11 16 20 5 6 3 1 10 4 8 15
14 2 8 9 18 5 17 12 15 7 16 11 20 19 6 1 13 4 3 10
5 10 6 9 19 15 17 12 8 4 7 14 16 1 11 2 13 18 3 20
2 18 6 14 1 11 17 5 20 3 9 4 13 12 15 10 16 8 19 7
19 6 18 14 1 12 11 2 7 5 3 4 13 17 15 20 16 8 9 10
19 2 9 4 20 17 7 6 11 1 13 14 3 15 16 5 18 8 12 10
19 2 4 16 5 11 18 6 14 17 13 3 8 9 10 20 12 1 15 7
20 2 11 16 5 1 18 12 19 8 17 4 7 9 10 14 3 15 6 13
12 1 15 18 7 5 2 8 10 19 6 4 11 9 17 20 3 14 16 13
12 14 15 9 19 11 2 8 1 20 10 7 3 16 18 6 17 4 5 13
10 7 15 13 9 2 3 8 1 18 6 14 20 12 19 17 11 4 5 16
5 15 20 13 7 18 6 4 14 2 16 17 9 12 19 10 11 8 1 3
18 10 4 19 6 7 5 20 16 2 13 17 14 12 9 3 11 8 15 1
9 20 15 11 5 13 6 10 18 8 7 2 14 12 19 3 16 4 17 1
9 20 15 12 5 16 2 13 6 7 8 10 19 18 4 3 11 17 14 1
9 17 15 1 20 16 14 13 10 3 5 6 8 2 18 7 11 12 4 19
1 16 14 11 20 3 2 12 18 7 10 6 5 15 8 17 13 4 9 19
15 7 5 4 18 3 17 14 2 11 19 6 12 10 20 16 13 8 9 1
19 7 5 4 11 8 17 9 12 15 10 20 18 2 14 16 13 1 6 3
20 7 3 4 5 1 18 9 12 11 13 19 2 15 14 16 8 17 6 10
14 2 4 7 19 1 18 8 17 11 13 10 12 3 15 20 16 9 6 5
9 7 2 11 8 12 13 18 17 20 19 10 6 1 15 14 3 5 4 16


11
a
b
c
d
e
f
g
h
i
j
k
10 4 3 11 5 8 6 2 7 1 9
6 8 9 4 1 3 2 11 10 5 7
11 6 10 5 3 1 8 7 2 9 4
9 8 4 10 3 5 6 11 7 2 1
5 3 9 10 11 7 4 1 2 8 6
2 10 6 3 9 5 11 8 1 4 7
2 1 8 10 5 4 6 7 11 3 9
3 7 2 4 1 6 10 8 11 5 9
11 2 1 9 8 6 3 7 5 10 4
2 8 6 3 7 10 4 9 1 5 11
6 8 10 11 7 9 3 1 2 4 5
5 3 7 11 10 1 4 8 2 6 9
4 3 5 11 6 10 2 8 9 7 1
7 9 6 8 11 5 10 1 3 2 4
6 5 9 11 8 7 1 3 4 2 10
7 5 4 3 8 11 9 2 6 1 10
7 6 3 8 10 1 4 2 11 5 9
4 3 5 9 2 6 7 11 8 10 1
10 9 4 2 6 1 7 3 5 11 8
2 4 6 11 3 5 10 7 8 9 1
7 8 10 11 4 2 1 5 6 9 3
8 5 10 11 3 9 7 2 6 4 1
4 9 3 7 2 8 10 6 11 1 5
8 3 5 7 10 6 2 4 11 1 9
7 1 10 4 5 11 9 2 8 6 3
1 5 11 10 2 4 3 9 6 7 8
9 11 5 3 6 4 7 1 2 10 8
8 7 2 5 9 6 4 1 11 3 10
2 5 6 1 3 10 9 4 8 7 11
11 7 2 6 8 3 9 10 1 4 5
11 8 3 5 10 9 4 6 1 2 7
3 7 5 2 8 9 6 4 1 10 11
8 1 9 7 10 2 3 6 4 5 11
7 1 2 9 5 10 8 6 11 3 4
5 3 7 8 2 11 10 9 4 6 1
11 7 5 3 9 4 2 8 6 10 1
8 3 4 9 7 11 6 5 10 2 1
11 4 9 1 5 8 2 3 7 10 6
7 11 9 3 5 2 8 10 4 1 6
4 10 9 3 11 7 1 2 6 8 5
8 11 3 6 4 2 9 10 7 1 5
9 4 10 1 6 2 5 3 7 8 11
5 10 4 2 11 3 8 6 1 7 9
8 7 2 4 9 10 5 6 11 1 3
11 6 1 10 7 2 5 9 3 4 8
6 2 7 10 3 9 8 5 4 11 1
4 11 9 8 1 6 3 2 5 7 10
2 3 5 8 1 11 4 10 6 7 9
3 11 5 4 2 8 9 10 6 1 7
8 10 5 4 3 11 9 2 7 1 6
6 10 1 8 7 2 3 9 11 5 4
3 9 2 11 7 10 6 1 4 8 5
3 9 6 1 4 11 7 10 8 5 2
9 4 5 6 10 7 2 3 1 11 8
5 11 8 1 7 2 4 9 6 3 10
2 7 9 4 5 10 1 8 3 6 11
7 8 3 10 2 1 11 5 9 6 4
5 11 8 10 2 9 1 7 4 3 6
10 7 9 6 11 4 1 5 3 2 8
8 9 11 6 5 1 7 4 10 2 3
7 1 3 6 11 10 8 5 4 2 9
8 4 7 9 2 1 5 3 11 6 10
8 5 11 6 1 10 3 7 9 2 4
4 8 9 5 2 10 3 11 6 1 7
6 1 5 9 2 8 11 4 7 10 3
8 1 2 9 7 6 4 3 10 11 5
7 8 9 2 10 5 6 11 3 4 1
8 5 10 9 1 11 6 4 7 2 3
11 5 10 1 8 3 2 6 7 9 4
11 5 4 2 1 3 8 7 10 9 6
10 6 7 5 3 2 4 8 11 9 1
6 11 3 7 4 1 8 10 2 9 5
3 1 2 10 8 7 11 6 5 9 4
2 7 4 1 8 6 11 3 5 10 9
2 9 5 1 6 7 8 4 11 10 3
2 7 3 1 10 6 8 11 9 5 4
1 10 8 5 7 2 11 6 9 3 4
1 11 10 9 8 2 7 3 6 4 5
5 8 9 2 3 4 1 10 6 7 11
3 11 9 7 5 4 1 8 6 10 2
10 4 2 8 9 7 3 5 6 11 1
4 1 9 11 8 5 6 10 2 3 7
1 11 5 3 4 7 6 8 10 9 2
7 2 8 10 1 11 3 5 9 4 6
8 2 5 6 10 3 7 9 4 1 11
8 7 3 2 4 1 6 10 5 9 11
1 10 5 9 2 11 7 4 6 3 8
1 7 11 3 10 8 9 6 4 2 5
8 9 1 4 3 5 10 11 6 2 7
11 1 10 6 7 4 3 5 8 9 2
6 8 9 4 2 5 1 3 7 10 11
5 11 3 4 2 8 7 6 9 10 1
7 4 11 3 9 1 6 5 8 10 2
4 8 11 5 9 1 2 7 10 6 3
6 3 10 8 5 1 9 11 7 4 2
7 2 10 6 8 4 3 9 1 11 5
7 2 1 9 5 3 10 6 11 8 4
11 7 5 2 6 1 3 10 4 9 8
3 1 4 11 5 2 9 6 7 10 8
7 1 11 8 9 4 6 3 10 2 5
11 8 4 9 7 10 5 3 1 2 6
4 7 6 10 8 11 2 1 5 9 3
11 8 9 10 6 3 4 5 7 2 1
6 3 8 5 9 10 11 7 1 2 4
3 9 1 4 11 7 5 10 6 8 2
1 2 7 4 8 10 3 5 11 6 9
11 8 10 5 3 1 9 2 6 7 4
11 9 10 3 4 5 6 8 2 1 7
4 8 3 2 6 1 11 9 10 7 5
3 2 11 10 1 7 9 4 6 5 8
2 5 9 10 3 7 11 6 4 1 8
1 3 10 2 6 8 9 4 7 11 5
4 6 2 1 7 3 5 8 9 11 10
6 8 7 2 9 1 10 3 5 11 4
9 11 8 1 3 2 10 7 6 5 4
7 3 10 4 1 9 5 8 6 11 2
1 6 9 4 3 2 8 7 11 10 5
11 10 3 4 6 7 8 2 1 9 5
7 2 3 4 9 5 10 6 11 8 1
3 5 7 4 1 6 10 8 9 11 2
1 5 11 4 10 3 2 9 8 6 7
1 6 3 8 4 11 5 2 9 10 7
2 11 7 1 8 9 10 5 6 3 4
10 4 6 9 8 5 7 3 11 2 1
1 2 8 4 5 7 10 9 6 3 11
2 4 3 11 9 1 10 8 7 6 5
4 6 11 1 8 5 10 9 2 7 3
1 7 10 6 3 9 2 11 4 5 8
6 2 4 9 3 5 8 11 1 10 7
2 8 10 9 5 1 7 11 3 6 4
7 4 9 2 8 10 5 6 11 3 1
5 11 1 7 2 10 3 8 9 4 6
11 9 10 6 7 4 2 1 3 8 5
10 4 1 8 7 3 9 11 6 2 5
10 4 9 8 2 11 7 6 5 3 1
10 6 7 3 5 8 2 9 11 1 4
8 4 3 7 5 11 10 1 2 6 9
1 10 4 3 11 7 9 5 2 8 6
3 1 11 9 4 7 2 10 5 6 8
5 4 6 11 9 10 8 2 1 3 7
8 1 7 2 10 4 9 11 5 3 6
9 6 5 8 3 10 7 1 11 4 2
2 9 4 11 3 7 5 10 6 8 1
8 4 5 3 2 6 7 10 11 1 9
8 10 3 6 1 11 9 2 4 7 5
8 7 2 6 3 11 1 5 9 4 10
1 5 2 9 6 10 8 4 11 7 3
4 11 3 5 1 9 7 2 8 10 6
4 9 6 8 10 1 7 5 11 2 3
9 5 3 1 7 2 8 11 6 10 4
3 6 11 4 7 10 9 1 5 2 8
5 4 10 11 7 2 9 8 1 6 3
1 7 11 5 6 3 4 10 2 9 8
4 5 2 6 3 8 11 7 10 9 1
9 1 11 5 3 6 2 8 10 7 4
3 10 11 1 8 9 2 7 5 4 6
9 2 11 10 4 1 5 7 3 6 8
2 1 6 8 5 4 9 3 7 11 10
6 1 8 3 10 7 2 5 11 9 4
6 1 5 7 9 11 10 8 3 2 4
3 9 6 10 1 2 11 4 7 8 5
10 11 7 5 9 3 2 6 1 8 4
5 8 4 2 9 3 6 1 11 10 7
3 5 2 10 6 1 11 9 4 8 7
8 5 10 11 9 1 4 3 2 7 6
9 5 4 3 11 10 1 8 2 7 6
11 7 2 4 1 10 3 5 9 8 6
2 7 8 6 4 11 10 9 5 3 1
9 5 6 8 1 2 4 11 7 10 3
1 5 10 2 7 6 4 8 11 9 3
11 5 3 2 7 8 10 6 1 4 9
11 5 6 10 8 7 2 1 4 3 9
6 10 9 1 2 3 7 8 5 4 11
4 6 5 10 2 11 7 9 1 8 3
4 7 10 9 8 3 6 2 11 5 1
5 4 10 8 2 7 9 1 6 11 3
2 8 11 1 10 3 6 4 9 5 7
4 6 1 9 5 11 10 7 8 3 2
1 2 3 4 8 7 9 10 5 6 11
5 10 3 6 1 2 9 11 8 7 4
7 8 4 3 1 9 10 5 6 2 11
1 4 7 11 9 5 6 2 8 10 3
10 4 11 1 3 5 8 9 6 2 7
5 6 7 4 1 9 2 10 3 8 11
11 10 9 5 4 2 8 3 6 1 7
1 7 8 9 4 11 3 2 6 5 10
6 1 4 10 11 2 3 5 9 7 8
6 1 7 2 9 11 5 8 3 4 10
9 10 1 5 6 4 3 8 7 11 2
3 9 10 1 6 8 5 2 4 11 7
11 6 5 1 7 9 3 8 10 2 4
6 7 1 5 8 4 10 3 11 2 9
6 9 4 3 8 10 1 2 7 11 5
1 11 7 6 10 5 2 8 4 3 9
1 2 4 3 5 6 10 8 11 7 9
8 9 5 6 3 2 7 1 11 10 4
8 9 5 1 3 4 7 6 2 10 11
11 2 7 3 5 6 8 9 10 4 1
8 6 7 2 5 1 3 9 10 4 11
9 6 3 8 10 11 4 2 7 5 1
3 5 6 7 8 9 10 11 1 2 4
9 7 5 2 3 8 6 10 4 1 11
9 4 3 5 2 8 1 7 6 11 10
4 9 11 8 6 5 7 3 10 1 2
10 3 6 8 9 4 11 7 5 2 1
9 1 2 5 11 10 6 7 8 4 3
9 1 10 3 8 6 2 5 7 11 4
5 7 9 8 2 3 6 10 1 4 11
11 1 5 7 4 6 10 2 8 9 3
9 11 5 7 3 4 8 6 2 1 10
8 1 10 6 9 11 5 7 2 4 3
5 4 2 3 6 11 10 9 7 8 1
2 7 5 8 11 6 3 4 10 9 1
8 4 10 2 1 5 3 7 6 9 11
11 8 5 3 10 7 4 2 1 9 6
7 4 1 11 9 8 6 10 5 3 2
6 1 3 4 10 2 7 11 9 8 5
11 5 4 9 6 3 1 8 7 10 2
7 9 8 2 3 11 5 10 1 4 6
3 11 9 1 5 2 8 7 4 10 6
11 2 1 6 9 4 10 7 5 3 8
1 8 2 6 10 9 5 7 4 11 3
8 7 3 6 11 9 1 10 5 4 2
9 4 11 2 5 3 8 1 10 6 7
7 9 11 1 10 3 8 2 4 6 5
2 5 11 4 6 1 10 7 9 8 3
2 5 9 7 11 4 1 6 8 10 3
11 9 7 3 2 10 8 6 4 1 5
10 6 11 3 2 1 8 7 5 4 9
11 7 9 10 6 2 8 5 1 4 3
3 1 8 5 6 2 10 11 7 9 4
3 11 4 5 1 6 8 7 10 9 2
2 5 9 4 8 6 3 10 11 1 7
7 9 1 3 6 2 8 5 4 10 11
10 7 6 5 1 3 2 8 11 9 4
6 9 1 7 4 2 3 8 10 5 11
4 9 1 8 11 3 10 7 5 6 2
3 8 1 4 11 10 2 9 7 6 5
7 9 4 3 10 11 8 2 6 1 5
6 7 8 2 10 5 11 9 3 1 4
3 4 11 2 10 5 8 7 6 9 1
2 6 4 5 10 3 8 1 9 7 11
8 3 5 4 10 2 11 7 9 6 1
8 11 1 3 4 9 2 5 10 6 7
7 6 11 3 10 2 8 5 1 4 9
11 4 7 8 9 5 2 6 10 1 3
9 5 8 7 2 6 1 4 11 10 3
4 7 8 11 10 9 1 6 2 3 5
1 6 5 10 2 11 3 7 9 4 8
8 2 11 5 3 1 4 10 7 6 9
4 1 11 8 3 10 7 9 6 5 2
5 9 11 2 10 3 8 4 7 1 6
7 6 11 9 2 4 10 5 8 3 1
9 5 6 10 4 3 11 8 7 1 2
3 1 4 9 2 7 10 11 5 8 6
9 7 3 11 6 4 5 8 2 1 10
11 8 4 9 5 7 3 6 2 10 1
5 3 4 8 11 2 6 9 7 10 1
11 10 5 3 4 7 2 8 9 1 6
8 3 7 11 9 4 5 10 6 2 1
11 3 2 10 1 9 7 6 8 5 4
8 9 6 4 1 3 2 5 11 10 7
4 1 10 5 3 2 7 11 9 6 8
4 8 9 10 3 1 7 6 11 2 5
2 6 4 8 3 7 1 11 9 10 5
5 9 4 6 7 8 1 3 2 10 11
2 9 3 6 8 1 10 4 11 5 7
5 3 7 2 11 10 8 6 1 9 4
1 10 8 3 2 6 5 11 7 9 4
4 10 8 7 6 2 5 11 1 3 9
9 2 3 10 1 8 5 7 6 11 4
11 1 5 10 2 7 9 3 8 6 4
4 10 6 3 11 2 9 8 5 7 1
1 7 9 11 3 2 4 6 8 10 5
6 4 9 3 10 11 5 8 2 7 1
4 9 1 10 6 7 3 5 11 2 8
9 10 11 2 5 1 7 8 6 4 3
7 9 3 2 5 1 10 8 11 6 4
4 5 1 7 9 8 6 11 10 2 3
8 7 11 6 5 4 10 1 3 2 9
2 5 4 1 7 10 8 11 3 6 9
3 2 4 11 1 10 8 5 6 9 7
2 11 3 10 1 8 5 6 4 9 7
4 11 5 2 8 3 10 9 1 6 7
6 11 5 4 10 7 9 8 1 2 3
6 5 9 3 1 7 11 8 10 4 2
8 1 7 3 11 2 5 9 4 10 6
11 3 6 5 9 10 8 2 4 7 1
7 2 3 9 1 10 5 8 11 6 4
5 2 1 7 4 9 10 11 8 3 6
9 10 4 3 1 5 7 2 11 8 6
1 6 7 10 5 4 8 2 3 11 9
1 10 9 8 3 4 6 2 7 11 5
4 1 11 8 2 7 6 3 5 10 9
9 6 11 3 7 5 1 4 8 10 2
9 5 4 1 3 6 2 10 7 11 8
8 9 2 10 1 6 4 7 3 5 11
3 7 6 2 4 10 1 9 5 11 8
8 7 1 11 10 6 9 2 3 5 4
11 5 1 9 2 10 6 3 7 4 8
8 1 4 5 2 10 6 11 7 9 3
10 11 3 4 7 8 6 9 2 5 1
6 2 10 4 5 3 11 9 1 7 8
10 2 9 1 5 11 4 3 6 8 7
6 8 9 4 10 7 2 11 5 1 3
5 7 6 9 10 2 8 3 4 11 1
2 11 9 4 10 6 7 5 3 8 1
2 8 9 3 10 6 11 4 5 1 7
11 9 7 10 2 3 4 6 1 8 5
11 5 4 2 7 9 6 1 10 8 3
8 11 1 9 3 2 6 7 4 5 10
8 3 2 6 7 5 9 10 1 4 11
2 8 6 5 1 7 9 10 4 3 11
5 1 6 4 2 3 11 9 10 8 7
11 2 6 3 5 7 1 9 10 8 4
9 10 1 7 2 11 6 4 5 8 3
3 10 5 7 8 11 4 2 9 1 6
4 11 7 1 2 6 3 5 8 10 9
7 3 8 9 2 6 4 1 11 5 10
11 1 9 8 7 5 10 4 6 3 2
10 4 6 8 5 3 7 11 1 2 9
6 8 2 4 9 10 7 11 1 3 5
2 1 4 7 9 11 5 6 8 3 10
2 4 10 11 1 8 5 6 3 9 7
3 2 8 5 1 9 7 11 10 6 4
1 10 2 8 6 4 5 11 3 9 7
4 6 8 3 5 1 11 2 7 10 9
10 6 5 8 3 4 2 7 9 1 11
10 11 4 5 8 2 7 3 9 6 1
7 2 10 6 3 4 1 8 9 5 11
4 3 6 11 7 10 2 8 5 1 9
8 4 1 9 6 10 2 3 7 11 5
1 9 10 5 6 3 2 8 7 11 4
6 8 1 9 7 11 3 4 10 5 2
10 6 3 1 8 2 11 9 5 7 4
6 1 3 5 9 10 8 4 2 7 11
7 1 6 5 9 10 8 11 2 3 4
5 3 4 10 1 6 9 11 2 8 7
5 7 10 2 8 6 1 11 4 9 3
3 7 8 4 6 5 11 2 10 1 9
11 1 2 3 4 8 7 5 9 10 6
8 11 1 4 7 3 6 5 9 10 2
5 10 2 8 6 1 9 7 11 4 3
2 8 6 7 9 1 5 3 10 4 11
6 2 11 1 7 9 10 8 4 3 5
1 5 8 3 9 7 4 10 2 11 6
7 2 4 6 8 5 9 10 1 3 11
7 8 6 10 4 2 1 11 9 3 5
6 9 2 4 10 3 8 7 11 5 1
11 4 10 3 2 1 8 6 5 7 9
6 5 10 8 3 1 9 4 2 7 11
8 7 3 10 1 11 6 4 9 2 5
7 10 5 3 9 8 4 11 6 2 1
5 11 4 6 10 1 2 8 9 7 3
8 1 11 5 3 6 2 7 10 9 4
1 2 3 11 10 6 4 8 7 5 9
8 4 9 3 1 7 10 11 2 5 6
11 4 7 3 9 10 1 2 5 6 8
5 2 10 7 4 9 6 3 1 8 11
5 8 7 3 2 4 9 10 1 11 6
4 6 2 1 8 11 9 3 10 5 7
8 3 11 9 4 1 7 6 10 2 5
10 6 5 4 2 8 11 9 1 7 3
8 7 6 9 3 11 2 4 10 1 5
5 9 10 2 8 6 1 4 3 11 7
1 9 8 7 5 11 10 6 2 4 3
2 1 3 7 6 9 5 10 4 11 8
8 1 7 10 3 2 6 5 11 4 9
7 3 1 9 4 11 8 10 6 2 5
6 10 9 7 4 11 1 3 2 5 8
3 6 2 7 10 11 9 1 5 4 8
11 10 3 7 9 1 4 2 5 8 6
8 9 11 1 2 6 5 7 4 10 3
9 1 4 7 2 3 10 8 5 11 6
6 10 7 8 9 11 5 1 2 3 4
2 9 4 10 7 8 3 5 1 6 11
11 2 6 8 4 5 9 10 3 1 7
6 11 4 8 2 1 7 5 9 10 3
7 2 1 10 4 8 3 11 6 5 9
8 10 6 4 9 7 1 11 2 5 3
8 10 6 4 1 11 5 9 7 2 3
9 10 5 8 11 3 6 4 7 2 1
10 3 1 11 5 4 7 9 6 2 8
11 6 10 8 1 5 9 3 2 7 4
9 8 3 4 1 10 7 5 11 2 6
2 5 3 8 11 7 1 4 6 9 10
4 8 3 7 2 5 10 6 1 9 11
7 2 1 4 9 5 6 8 3 11 10
1 11 10 3 6 4 8 7 9 2 5
10 9 8 4 6 5 1 3 2 11 7
4 11 10 3 2 9 5 8 6 1 7
8 10 11 3 7 9 4 1 5 2 6
8 5 6 3 1 11 2 4 9 7 10
8 5 3 6 1 2 4 7 9 10 11
8 1 11 2 3 6 4 7 9 5 10
9 4 5 8 2 11 1 7 10 6 3
2 3 5 1 4 11 6 10 7 9 8
8 2 5 10 4 1 6 7 11 9 3
11 10 8 9 4 1 5 3 2 6 7
1 9 10 4 3 7 2 8 5 6 11
9 1 5 10 4 7 8 11 2 6 3
7 2 11 3 8 1 9 6 5 4 10
7 1 11 9 8 6 2 5 3 4 10
11 8 4 7 2 9 1 10 5 3 6
11 2 6 4 7 3 9 8 10 5 1
10 7 2 4 5 11 1 9 3 6 8
7 9 3 6 8 4 2 11 1 5 10
11 7 4 5 6 10 8 1 2 9 3
4 3 1 7 8 6 11 10 2 9 5
2 3 6 7 1 11 4 5 9 8 10
10 3 1 9 8 7 5 11 6 2 4
5 3 1 4 2 11 6 7 9 10 8
9 2 8 4 5 3 6 11 1 10 7
6 5 10 8 11 1 9 3 4 7 2
4 1 5 3 7 11 10 9 8 6 2
10 1 11 7 2 3 6 4 5 8 9
4 9 6 1 10 2 7 8 11 3 5
4 10 7 2 3 8 11 1 9 6 5
1 4 11 8 6 5 9 2 3 7 10
5 1 7 11 8 6 2 3 10 4 9
9 10 2 8 3 11 5 4 1 7 6
3 9 4 11 8 10 2 1 7 6 5
3 11 9 10 8 6 4 5 1 2 7
1 4 3 9 2 10 7 8 5 6 11
10 9 4 7 3 1 5 11 2 6 8
6 11 2 8 7 10 5 9 4 3 1
7 9 8 10 6 4 5 11 2 3 1
8 7 2 1 9 6 11 4 3 5 10
3 9 5 1 10 11 2 4 8 7 6
9 2 10 7 6 5 1 11 8 4 3
11 9 3 10 7 6 1 4 8 2 5
9 1 6 10 2 3 8 4 11 7 5
2 10 6 3 8 5 11 1 7 4 9
10 6 4 1 8 7 2 3 9 11 5
7 11 10 6 2 8 5 4 3 1 9
2 7 11 8 6 5 10 1 3 4 9
2 4 7 8 1 5 9 3 10 6 11
2 10 4 1 3 9 6 5 11 7 8
10 9 4 8 11 6 3 5 1 7 2
5 1 7 9 3 8 2 4 11 10 6
4 5 1 11 3 10 8 9 2 6 7
4 5 10 1 7 11 6 2 8 3 9
1 4 9 2 7 11 6 10 8 3 5
4 1 2 7 6 9 10 8 3 5 11
4 11 5 2 9 3 10 7 8 6 1
3 4 8 11 7 9 2 10 1 5 6
7 1 8 9 4 11 5 2 10 3 6
9 1 11 10 4 6 5 8 7 3 2
6 8 1 9 3 4 5 7 11 10 2
7 1 5 6 2 10 9 4 8 11 3
4 9 7 5 3 6 2 10 1 8 11
6 10 9 1 2 4 5 7 8 3 11
8 5 4 6 2 7 10 9 1 3 11
7 3 2 1 11 10 9 8 6 5 4
8 9 10 1 7 11 5 2 3 6 4
8 7 4 10 9 1 3 11 5 2 6
11 10 2 1 9 7 3 8 5 6 4
11 2 6 1 9 4 3 5 7 10 8
4 1 6 8 2 9 3 5 7 10 11
10 2 11 9 1 8 6 4 7 3 5
6 3 7 5 8 9 4 2 11 1 10
9 1 4 5 7 8 3 2 6 11 10
9 2 3 5 4 6 10 7 1 11 8
3 9 7 8 11 6 1 10 4 5 2
10 9 3 8 1 7 6 2 11 5 4
10 2 3 4 6 5 9 8 11 1 7
5 8 6 4 11 10 9 1 7 3 2
7 2 11 4 5 6 9 3 8 1 10
5 7 10 4 2 6 1 3 8 11 9
8 4 6 7 5 9 1 2 10 11 3
11 7 6 3 4 1 5 2 9 8 10
2 6 5 8 10 3 4 9 7 1 11
9 2 10 6 1 7 3 11 8 5 4
9 2 11 4 6 8 7 5 1 10 3
4 6 7 3 11 1 8 9 2 5 10
5 3 11 9 6 10 7 8 2 4 1
2 8 3 9 11 7 4 10 6 1 5
5 3 8 11 4 2 1 7 10 6 9
6 2 1 11 4 7 10 9 8 3 5
1 5 4 2 9 3 10 6 7 8 11
5 10 1 6 2 11 9 7 3 8 4
11 9 2 5 4 1 8 7 6 3 10
5 9 7 2 4 10 3 1 11 8 6
9 4 2 7 10 3 8 1 5 11 6
5 10 4 7 8 11 2 1 3 6 9
6 5 11 2 10 7 8 1 3 4 9
2 6 5 1 3 4 11 10 8 9 7
11 1 2 4 5 10 9 7 8 6 3
2 1 3 5 9 8 4 11 6 10 7
6 5 3 9 2 1 8 7 10 11 4
5 4 10 6 3 9 11 2 7 1 8
7 10 5 1 3 8 11 9 4 2 6
11 1 5 7 10 3 9 2 8 6 4
11 8 10 5 6 3 4 2 7 9 1
7 1 6 10 5 2 3 4 11 8 9
8 1 5 10 9 6 2 4 7 3 11
4 6 8 5 7 11 3 2 1 10 9
6 8 7 9 4 1 10 3 11 2 5
8 2 6 3 4 1 7 9 5 11 10
1 6 2 8 7 11 9 3 5 4 10
9 10 8 4 2 5 1 6 11 7 3
8 4 9 7 11 2 5 6 1 3 10
10 6 4 2 9 11 7 5 1 3 8
11 4 7 2 6 5 10 9 1 8 3
9 4 5 7 2 11 10 3 1 6 8
8 2 4 5 11 3 7 10 6 9 1
6 7 1 8 5 9 3 4 10 2 11
10 7 4 6 5 1 3 9 8 11 2
8 2 5 6 3 4 11 10 1 7 9
10 6 2 9 7 3 8 1 4 11 5
3 5 6 9 11 2 7 8 10 4 1
10 1 4 7 5 2 3 8 9 11 6
3 2 10 4 11 8 9 6 1 5 7
7 1 4 11 6 3 2 9 10 8 5
6 8 10 4 9 3 11 7 1 2 5
4 11 5 10 9 8 6 1 7 2 3
8 6 7 3 2 4 9 11 1 10 5
5 4 7 2 8 3 11 6 10 9 1
3 4 6 11 10 5 2 1 9 7 8
9 4 3 11 2 10 5 7 8 6 1
7 9 8 6 10 3 2 4 1 5 11
7 4 11 3 2 5 9 1 10 6 8
10 6 4 1 2 8 5 11 3 9 7
10 1 3 6 2 5 11 7 8 4 9
7 1 4 11 3 10 8 9 2 5 6
6 4 8 10 1 5 3 11 2 9 7
10 2 8 9 7 5 4 6 1 11 3
8 3 1 9 7 10 6 11 4 5 2
1 9 4 2 6 3 7 10 11 8 5
4 5 2 10 11 7 6 3 8 1 9
2 5 9 10 3 6 1 4 11 7 8
2 7 9 1 4 3 10 8 5 6 11
10 11 4 8 6 2 3 7 1 5 9
9 4 2 10 6 11 8 5 3 7 1
6 11 3 8 2 5 9 1 7 10 4
9 7 11 3 2 10 6 4 1 5 8
8 9 5 7 1 10 6 4 3 2 11
4 8 11 5 7 1 6 3 9 2 10
5 10 6 3 11 7 8 9 2 4 1
4 1 8 9 11 7 10 6 3 5 2
3 8 5 9 7 1 11 2 10 6 4
9 3 10 11 2 8 6 1 4 7 5
4 5 6 11 10 9 8 2 7 3 1
11 1 3 7 2 8 5 6 4 9 10
1 7 5 6 11 8 3 4 10 9 2
4 7 1 10 5 8 6 11 2 3 9
8 9 7 4 10 3 6 1 11 2 5
2 5 7 6 10 4 9 8 3 1 11
1 2 9 3 5 11 6 4 7 8 10
6 11 3 1 9 10 7 4 5 8 2
6 9 2 11 5 4 1 3 7 8 10
11 3 5 9 6 4 1 10 2 8 7
4 11 2 8 10 1 6 5 9 3 7
2 9 5 8 1 4 6 3 11 7 10
7 10 5 2 1 6 9 8 11 4 3
3 8 11 2 7 10 5 6 1 4 9
11 1 5 8 10 2 6 4 3 7 9
4 9 1 7 8 2 6 5 10 3 11
7 1 4 6 9 5 8 3 2 11 10
1 3 6 2 11 7 9 5 10 4 8
4 5 7 9 11 2 1 10 3 6 8
1 7 6 8 2 9 10 11 5 3 4
8 11 6 9 10 2 1 7 5 3 4
5 3 6 2 10 1 7 11 8 4 9
2 4 5 10 3 1 9 6 8 11 7
8 5 6 11 3 1 7 2 9 10 4
9 3 5 8 2 6 11 10 7 4 1
2 3 1 11 5 6 7 9 8 10 4
4 3 6 1 9 11 8 2 10 7 5
5 3 9 4 11 8 7 10 2 6 1
1 2 5 10 11 7 8 9 4 6 3
3 5 4 10 9 7 6 2 1 8 11
9 10 2 1 3 5 11 6 4 7 8
2 5 10 1 9 7 11 3 4 8 6
9 2 10 7 11 4 5 3 1 8 6
10 1 8 5 4 7 9 11 2 6 3
11 1 9 2 10 7 6 3 8 5 4
4 9 2 1 10 8 3 7 5 6 11
10 2 8 9 4 1 5 3 7 11 6
11 10 4 2 8 6 5 9 7 1 3
9 10 5 11 8 3 6 2 1 4 7
2 1 5 6 7 8 4 3 11 9 10
10 8 3 1 5 2 11 7 6 4 9
3 10 11 1 5 4 6 9 7 2 8
9 1 4 2 7 8 6 3 5 11 10
11 5 6 7 1 2 9 3 10 8 4
8 3 11 7 5 6 2 1 9 10 4
2 4 1 10 6 11 3 7 9 8 5
4 7 1 3 8 6 2 9 5 10 11
7 9 10 4 11 6 3 5 2 1 8
1 11 9 6 4 2 3 7 10 5 8
7 10 11 5 1 8 9 4 3 6 2
10 6 3 11 9 7 8 2 5 4 1
11 1 10 5 4 6 8 2 3 7 9
10 4 2 7 3 8 6 9 5 11 1
9 7 4 3 6 5 10 1 2 11 8
8 4 11 3 10 9 5 6 1 2 7
1 2 5 3 10 9 4 7 6 8 11
2 11 4 3 1 10 9 8 6 7 5
1 10 4 9 11 7 3 8 6 2 5
2 6 7 9 11 3 10 8 5 4 1
8 9 5 4 3 11 7 6 1 10 2
1 3 2 4 5 6 10 8 7 9 11
7 3 9 5 8 2 10 4 6 11 1
6 3 4 2 11 5 9 7 10 1 8
6 5 2 10 9 8 7 1 11 3 4
8 7 1 11 10 5 3 6 2 9 4
1 5 4 8 11 2 3 6 10 9 7
3 2 8 11 5 9 6 4 10 7 1
2 5 6 11 10 4 1 7 3 9 8
9 11 3 5 7 1 6 2 4 10 8
6 3 9 11 10 8 1 4 7 2 5
9 8 7 4 11 2 3 1 5 10 6
1 11 9 4 5 8 10 7 2 6 3
8 4 11 7 9 3 10 2 1 5 6
4 2 11 1 6 9 10 7 8 3 5
3 10 11 6 1 5 4 7 8 2 9
9 3 7 8 11 2 5 1 10 6 4
9 10 1 3 7 2 4 5 11 6 8
9 8 4 3 5 11 1 7 2 10 6
9 10 5 6 8 11 1 7 2 3 4
6 10 2 3 9 11 1 8 7 4 5
7 4 9 1 8 3 5 11 2 10 6
7 8 9 6 11 1 2 4 10 3 5
1 9 6 4 2 7 8 10 11 3 5
10 11 8 4 5 3 1 2 9 7 6
2 5 4 9 10 1 3 11 6 7 8
3 2 7 9 6 4 5 1 10 8 11
9 6 7 10 2 4 8 11 5 1 3
3 10 7 2 8 9 6 4 5 11 1
5 4 1 2 3 8 7 6 11 10 9
7 8 6 10 1 11 3 5 2 9 4
6 9 1 8 5 10 11 4 2 7 3
1 4 2 11 6 9 3 8 10 7 5
7 1 8 5 4 9 3 6 2 10 11
5 6 7 1 9 10 11 2 4 8 3
6 4 9 11 7 1 2 3 8 10 5
9 8 5 6 11 3 7 4 10 1 2
1 8 3 4 6 11 7 9 2 5 10
11 1 2 7 6 4 9 10 3 5 8
6 2 5 11 4 10 9 8 7 3 1
2 1 6 7 10 3 4 5 8 9 11
10 2 7 5 1 11 8 9 6 3 4
2 9 7 8 6 11 3 1 4 5 10
10 11 9 7 6 3 8 4 5 1 2
9 3 4 6 5 10 11 1 8 7 2
8 5 1 10 11 7 2 4 9 6 3
8 9 1 6 7 10 2 4 11 5 3
7 2 1 8 5 9 3 4 10 6 11
8 7 10 2 5 4 3 6 1 9 11
4 2 9 3 5 11 10 8 1 7 6
11 8 7 5 3 2 6 10 1 9 4
2 5 9 4 3 6 8 1 7 11 10
9 11 2 4 3 6 5 1 7 8 10
9 10 3 1 11 6 4 2 8 7 5
3 1 10 7 2 6 11 5 4 8 9
3 1 10 9 8 5 6 7 2 11 4
7 9 4 2 8 6 1 3 11 5 10
2 8 11 6 5 1 3 10 9 4 7
9 7 10 3 4 11 2 8 1 5 6
10 3 4 7 11 9 5 6 1 8 2
9 1 5 8 6 11 10 7 2 4 3
7 8 2 3 6 5 10 1 4 11 9
9 4 10 1 6 2 7 8 11 5 3
3 1 10 6 9 11 2 8 4 5 7
2 6 10 3 5 1 8 7 9 11 4
1 2 3 7 11 5 6 10 8 4 9
7 8 1 5 2 11 6 4 3 10 9
8 9 7 10 2 1 5 11 3 6 4
7 3 4 1 2 11 9 8 6 10 5
7 4 6 2 9 8 11 3 1 10 5
2 7 11 9 3 1 8 10 5 4 6
2 8 11 10 4 7 6 5 1 3 9
7 10 2 1 9 3 6 5 8 4 11
2 9 1 6 11 3 7 8 10 4 5
8 3 7 10 11 6 4 2 9 5 1
7 10 3 6 5 4 11 8 9 1 2
5 3 4 8 7 11 6 2 1 10 9
2 4 9 8 7 3 1 10 11 5 6
8 3 1 7 5 6 4 11 10 9 2
6 7 1 3 5 11 4 10 2 9 8
6 4 5 8 7 1 9 11 10 3 2
6 11 9 4 8 5 7 1 3 10 2
6 5 9 1 2 10 4 7 11 8 3
2 11 3 8 4 7 9 6 1 5 10
8 3 9 10 2 5 7 11 6 1 4
6 4 2 1 8 11 10 5 3 9 7
7 6 8 3 2 5 1 10 11 9 4
6 3 11 7 9 8 4 10 5 1 2
6 4 7 8 10 9 5 3 11 1 2
1 7 2 11 3 9 6 4 10 8 5
10 11 5 9 4 8 7 3 6 2 1
2 6 10 3 7 11 9 5 8 1 4
6 4 8 5 11 3 10 2 7 1 9
4 7 10 3 9 11 8 5 2 6 1
3 5 9 4 8 2 10 1 7 6 11
10 3 2 5 4 8 1 11 6 7 9
2 4 6 10 3 8 5 1 9 7 11
5 4 1 11 6 10 3 8 9 7 2
7 8 5 4 9 10 2 6 3 11 1
6 2 7 1 9 8 3 10 11 4 5
5 11 3 8 4 7 10 9 2 6 1
10 11 3 5 9 7 1 4 6 2 8
4 11 5 6 3 2 8 1 10 9 7
7 10 3 2 9 1 6 8 11 5 4
2 7 11 6 8 10 5 3 1 9 4
2 7 11 9 3 5 1 4 6 8 10
9 5 3 2 11 4 8 1 10 7 6
7 8 3 5 10 11 1 6 4 9 2
9 8 1 6 7 4 11 10 2 3 5
9 8 3 10 6 11 7 2 5 1 4
8 5 10 11 6 7 3 2 9 1 4
10 3 8 11 2 4 7 6 9 1 5
9 7 2 5 1 10 4 11 3 6 8
10 7 2 4 5 11 9 1 3 6 8
5 11 2 1 7 6 3 8 4 9 10
11 6 9 4 1 7 10 2 3 8 5
7 8 4 10 1 11 6 3 5 9 2
11 8 3 5 6 7 9 1 2 4 10
5 1 10 7 8 11 2 9 3 6 4
8 1 6 9 10 11 2 3 5 4 7
10 4 2 7 3 6 5 11 8 9 1
2 4 10 8 9 1 3 6 5 7 11
2 11 3 10 9 5 8 7 4 1 6
1 4 11 6 10 5 8 2 7 3 9
8 3 11 5 2 1 9 10 4 7 6
8 4 6 3 10 7 11 9 5 1 2
8 7 6 9 11 3 1 5 2 10 4
2 1 9 5 11 10 8 4 6 7 3
4 8 1 10 2 9 6 5 7 11 3
11 3 7 9 6 10 5 1 8 2 4
11 5 2 6 3 10 1 7 8 4 9
10 5 2 4 7 11 9 6 8 3 1
1 3 6 2 5 9 10 4 8 7 11
2 1 4 3 11 6 9 8 7 5 10
1 2 11 5 8 6 4 3 10 9 7
2 8 11 9 1 3 5 4 10 7 6
3 7 8 6 5 11 4 2 1 10 9
5 11 10 3 2 9 7 8 1 4 6
1 2 3 11 5 10 8 6 7 4 9
2 5 3 4 10 7 1 11 6 9 8
10 7 5 4 6 2 8 11 3 1 9
10 8 2 3 6 4 9 7 1 5 11
6 2 10 8 7 9 1 5 11 3 4
8 6 2 5 9 10 4 7 11 3 1
11 3 1 2 9 10 7 6 8 5 4
1 4 11 6 3 10 8 2 7 5 9
7 1 8 4 3 10 9 6 5 2 11
7 11 9 6 4 3 1 2 8 5 10
10 8 7 6 2 5 9 3 4 1 11
10 8 9 7 1 5 11 4 6 3 2
8 7 11 1 10 5 9 4 6 2 3
1 11 10 9 5 8 2 7 3 4 6
3 6 11 2 9 4 1 8 5 10 7
8 1 5 11 4 7 9 10 3 2 6
7 11 6 5 8 4 9 10 3 2 1
4 6 2 3 11 5 7 9 10 1 8
9 10 3 7 11 2 1 6 8 4 5
1 2 3 11 9 4 5 7 6 8 10
6 2 7 8 9 11 10 1 3 5 4
4 10 8 6 5 3 7 11 2 9 1
4 7 5 6 2 3 1 8 9 10 11
6 7 8 4 9 11 10 3 1 2 5
3 8 6 5 10 11 2 1 7 9 4
7 11 9 4 6 2 5 3 10 1 8
7 9 6 5 8 2 1 10 4 3 11
6 2 11 3 1 8 10 4 5 9 7
11 2 8 10 6 3 5 4 7 9 1
2 9 10 3 5 1 8 7 11 4 6
2 4 8 3 11 7 1 6 10 9 5
5 1 2 3 8 11 10 4 7 6 9
9 6 2 5 10 8 3 7 1 11 4
2 1 5 6 9 4 10 7 11 8 3
10 1 8 5 11 2 9 7 6 4 3
9 6 7 8 1 4 11 10 5 3 2
4 8 1 7 9 3 6 2 10 11 5
4 2 5 3 7 9 6 10 8 11 1
10 2 3 1 11 7 6 8 9 4 5
3 2 1 11 8 5 7 4 6 9 10
6 7 11 10 2 3 8 1 9 4 5
11 9 6 5 1 2 4 8 7 3 10
11 4 1 5 2 8 10 6 3 9 7
5 2 7 3 10 6 8 11 9 4 1
11 3 5 4 6 2 8 9 1 7 10
5 1 7 8 6 2 3 9 10 4 11
4 11 2 10 7 6 3 9 5 1 8
9 4 2 10 3 6 1 11 5 8 7
10 6 1 7 3 9 2 8 5 4 11
4 10 7 11 6 9 3 1 8 5 2
6 8 7 4 10 11 3 1 2 9 5
3 5 1 7 8 9 10 2 4 6 11
11 1 5 8 2 4 7 3 9 6 10
5 8 11 2 4 1 9 6 3 7 10
2 1 11 5 8 10 3 4 7 9 6
7 2 6 11 4 8 3 9 10 5 1
4 2 1 10 9 11 7 8 5 6 3
1 11 4 3 7 6 2 9 5 8 10
5 9 8 2 7 1 11 3 4 6 10
10 6 8 7 11 1 3 9 5 2 4
5 9 3 4 7 11 10 1 2 8 6
10 8 5 3 1 7 2 11 6 4 9
1 4 9 7 10 3 11 2 8 5 6
2 3 7 11 10 1 8 5 6 9 4
8 3 11 10 5 4 7 2 6 1 9
6 11 3 2 9 10 1 8 4 7 5
2 7 5 8 1 10 9 3 6 11 4
4 3 6 5 11 7 8 10 9 1 2
1 10 4 5 3 2 7 9 11 6 8
7 8 9 6 11 10 3 2 4 5 1
4 3 8 2 5 7 10 1 9 6 11
7 9 10 1 11 2 4 3 8 5 6
11 4 2 10 1 9 5 6 3 7 8
6 4 11 9 1 3 10 5 2 8 7
1 9 7 5 11 3 6 10 4 2 8
6 3 8 2 5 9 11 1 7 4 10
9 5 4 7 2 8 11 3 10 1 6
9 11 1 10 2 6 4 3 5 8 7
5 9 3 6 11 1 7 4 10 8 2
11 3 7 9 5 10 1 6 4 8 2
10 7 5 8 9 11 4 2 3 6 1
9 5 4 11 10 3 7 6 2 8 1
7 11 5 10 6 9 8 4 2 3 1
7 9 4 1 10 8 2 11 3 6 5
11 7 10 8 6 1 5 4 9 2 3
10 3 9 7 6 11 2 4 1 8 5
2 5 11 3 1 8 6 4 7 10 9
5 7 8 3 2 1 4 9 11 10 6
1 4 3 8 5 6 7 10 11 2 9
4 3 2 8 5 9 11 7 6 1 10
7 11 10 5 1 2 3 4 8 6 9
11 1 6 2 7 10 3 5 8 9 4
11 7 6 8 10 4 1 2 3 9 5
11 6 10 5 7 4 2 1 3 8 9
9 2 5 11 3 7 1 8 6 4 10
8 9 11 1 3 10 6 2 7 4 5
1 2 6 9 7 3 4 5 10 8 11
7 3 6 8 1 11 4 10 9 2 5
1 7 8 9 6 3 2 4 5 10 11
1 10 4 11 3 6 5 7 8 2 9
1 4 5 8 11 2 10 7 6 9 3
5 2 1 6 9 10 8 3 11 7 4
1 10 11 9 6 3 8 5 7 2 4
11 3 9 5 4 10 2 7 8 6 1
1 5 6 8 10 11 2 4 9 7 3
10 2 7 8 6 11 5 4 1 9 3
5 10 6 2 9 1 11 7 3 4 8
11 8 6 1 9 2 7 10 3 4 5
3 10 5 11 2 4 7 8 6 9 1
2 5 1 3 6 7 10 9 8 11 4
2 10 9 11 3 5 4 7 8 6 1
8 10 9 11 3 5 6 7 4 2 1
11 1 3 8 9 2 5 10 7 6 4
5 6 3 8 9 2 4 11 7 10 1
6 2 7 9 5 1 3 8 11 10 4
4 6 3 7 10 8 1 9 5 2 11
9 2 10 8 6 5 1 7 3 11 4
3 8 5 2 6 10 11 4 7 9 1
6 7 11 2 5 3 1 9 8 4 10
7 1 4 6 2 5 11 10 8 9 3
4 2 5 3 7 10 1 8 9 11 6
4 5 7 1 2 6 8 10 3 11 9
3 5 7 1 11 4 2 6 9 10 8
4 2 5 8 1 3 6 10 7 11 9
2 10 5 1 9 3 11 4 8 7 6
4 10 9 8 5 1 11 2 7 3 6
5 8 4 6 9 1 3 2 7 11 10
10 1 4 5 11 9 6 3 2 7 8
9 6 3 5 2 10 4 11 8 7 1
6 1 2 7 3 11 9 10 4 5 8
7 1 2 4 5 11 6 8 10 9 3
9 1 3 7 2 11 4 8 10 6 5
7 8 9 3 11 5 4 10 2 6 1
10 3 6 8 11 5 9 2 1 7 4
7 4 11 3 2 5 9 6 8 1 10
4 6 1 3 7 11 9 5 8 10 2
2 9 8 1 6 3 11 4 10 7 5
9 3 7 10 6 4 1 11 2 8 5
7 11 1 10 4 6 9 3 5 8 2
2 6 3 10 7 8 9 5 4 11 1
1 11 10 8 6 3 2 7 4 5 9
3 9 5 8 11 1 7 6 10 4 2
3 2 1 6 5 8 9 7 10 4 11
4 6 3 2 5 7 11 10 8 9 1
10 3 5 2 4 8 9 7 6 11 1
10 11 5 9 4 3 7 8 2 1 6
4 6 11 9 1 3 2 10 8 7 5
4 2 11 9 7 1 6 8 10 5 3
6 10 5 9 4 8 2 1 7 3 11
8 5 10 9 4 2 6 1 7 3 11
7 9 6 2 10 3 11 4 8 1 5
1 11 4 9 10 5 7 2 3 8 6
4 1 11 6 8 5 2 9 7 10 3
11 7 5 2 8 3 9 6 10 1 4
11 4 8 10 9 7 3 2 1 5 6
6 11 5 10 7 8 3 4 1 2 9
2 1 10 7 5 3 11 9 8 6 4
3 5 2 11 9 1 10 6 4 7 8
9 8 5 6 2 7 4 10 3 1 11
11 8 1 2 9 7 5 4 10 3 6
4 8 7 1 2 10 11 3 9 5 6
2 7 3 9 8 10 5 4 11 1 6
8 1 9 5 10 6 2 7 11 3 4
6 3 11 10 2 9 7 4 1 8 5
10 6 5 1 8 7 2 9 4 3 11
2 9 4 1 3 6 11 10 8 7 5
9 10 4 5 11 6 1 2 3 8 7
1 6 4 5 7 8 3 2 10 11 9
2 5 10 1 6 11 7 8 9 3 4
10 7 8 4 3 6 2 11 5 9 1
1 5 4 10 11 6 3 8 7 9 2
9 10 5 8 11 4 3 6 1 2 7
7 3 2 11 9 10 1 6 4 5 8
9 2 1 10 3 5 4 7 8 11 6
10 8 2 3 1 9 4 7 6 11 5
3 10 7 6 1 2 9 8 4 11 5
5 3 7 6 10 8 2 1 4 9 11
5 3 4 9 2 10 8 11 1 7 6
3 4 2 5 11 6 8 10 9 1 7
6 2 5 1 9 7 3 8 10 4 11
8 1 10 7 9 4 2 5 6 3 11
4 1 6 11 8 3 9 7 10 2 5
2 1 5 3 8 9 6 4 7 10 11
3 9 5 8 10 6 1 7 11 2 4
8 3 1 9 10 4 11 2 6 7 5
10 2 3 11 5 8 9 6 4 1 7
5 1 9 2 7 11 10 4 8 6 3
9 11 7 6 10 2 1 5 3 4 8
5 8 11 10 2 4 1 6 7 3 9
10 7 6 4 11 3 1 5 8 2 9
4 1 6 2 8 11 9 7 5 3 10
8 6 7 5 3 11 9 4 2 10 1
8 2 6 11 9 5 7 10 1 4 3
5 1 11 7 3 4 2 10 9 6 8
2 3 11 6 5 9 4 8 7 10 1
11 8 6 3 9 1 4 5 2 7 10
3 8 6 2 9 4 7 10 5 11 1
6 11 3 8 1 9 2 7 4 5 10
1 5 3 9 8 4 7 2 11 6 10
7 10 11 5 4 8 3 6 2 9 1
4 9 1 5 11 3 7 2 6 10 8
2 7 5 11 10 6 1 3 8 9 4
3 7 4 5 11 9 1 8 6 2 10
2 10 11 4 7 1 5 3 6 9 8
4 9 10 3 5 2 6 7 1 8 11
7 3 6 11 5 2 10 4 1 9 8
1 9 11 7 6 10 4 8 3 5 2
9 3 5 2 7 6 10 11 4 8 1
6 10 3 2 7 9 5 1 8 4 11
9 4 11 8 10 2 3 6 1 5 7
3 10 7 6 5 9 1 4 11 8 2
10 3 6 11 5 8 9 7 2 1 4
5 6 10 7 3 9 8 2 4 1 11
4 10 3 1 8 2 6 5 9 7 11
9 6 11 4 8 5 10 3 2 7 1
2 5 10 3 11 1 8 6 4 9 7
11 5 6 9 7 1 8 4 3 2 10
2 5 4 3 11 6 1 9 8 7 10
10 7 9 4 5 2 6 1 11 8 3
7 1 10 6 2 9 4 3 11 8 5
2 8 3 10 4 5 7 1 6 9 11
8 1 6 3 11 7 5 4 2 10 9
8 9 1 7 4 3 5 10 6 2 11
1 2 7 10 11 9 6 8 3 4 5
6 8 4 3 11 5 7 1 9 10 2
7 8 5 4 11 6 1 9 3 2 10
2 1 3 10 11 9 4 5 6 7 8
8 7 4 5 6 3 9 10 11 2 1
